train_id,departed,arrived,from,to,instance,stop_id,station,code,estimated,scheduled,eta,diff,diffMin
2 (08-08),True,False,VANCOUVER,TORONTO,2025-08-08,0,Vancouver,VCVR,2025-08-08T22:00:47Z,2025-08-08T22:00:00Z,ARR,goo,0.0
2 (08-08),True,False,VANCOUVER,TORONTO,2025-08-08,1,Mission Harbour,MSNH,2025-08-08T23:56:57Z,2025-08-08T23:35:00Z,ARR,bad,21.0
2 (08-08),True,False,VANCOUVER,TORONTO,2025-08-08,2,Agassiz,AGAS,2025-08-09T00:43:36Z,2025-08-09T00:03:00Z,ARR,bad,40.0
2 (08-08),True,False,VANCOUVER,TORONTO,2025-08-08,3,Katz,KATZ,2025-08-09T01:05:51Z,2025-08-09T00:17:00Z,ARR,bad,48.0
2 (08-08),True,False,VANCOUVER,TORONTO,2025-08-08,4,North Bend,NBND,2025-08-09T02:52:19Z,2025-08-09T02:46:00Z,ARR,med,6.0
2 (08-08),True,False,VANCOUVER,TORONTO,2025-08-08,5,Ashcroft,ASHN,2025-08-09T06:14:22Z,2025-08-09T05:32:00Z,ARR,bad,42.0
2 (08-08),True,False,VANCOUVER,TORONTO,2025-08-08,6,Kamloops North,KAMN,2025-08-09T07:56:13Z,2025-08-09T07:17:00Z,ARR,bad,39.0
2 (08-08),True,False,VANCOUVER,TORONTO,2025-08-08,7,Clearwater,CLWT,2025-08-09T10:07:14Z,2025-08-09T09:58:00Z,ARR,med,9.0
2 (08-08),True,False,VANCOUVER,TORONTO,2025-08-08,8,Blue River,BLUE,2025-08-09T12:02:33Z,2025-08-09T12:11:00Z,ARR,goo,-8.0
2 (08-08),True,False,VANCOUVER,TORONTO,2025-08-08,9,Valemount,VLMT,2025-08-09T13:57:23Z,2025-08-09T14:01:00Z,ARR,goo,-3.0
2 (08-08),True,False,VANCOUVER,TORONTO,2025-08-08,10,Jasper,JASP,2025-08-09T16:29:29Z,2025-08-09T17:00:00Z,ARR,goo,-30.0
2 (08-08),True,False,VANCOUVER,TORONTO,2025-08-08,11,Hinton,HINT,2025-08-09T20:21:49Z,2025-08-09T19:45:00Z,ARR,bad,36.0
2 (08-08),True,False,VANCOUVER,TORONTO,2025-08-08,12,Edson,EDSN,2025-08-10T00:00:25Z,2025-08-09T21:19:00Z,ARR,bad,161.0
2 (08-08),True,False,VANCOUVER,TORONTO,2025-08-08,13,Evansburg,EVAN,2025-08-10T01:49:27Z,2025-08-09T22:28:00Z,ARR,bad,201.0
2 (08-08),True,False,VANCOUVER,TORONTO,2025-08-08,14,Edmonton,EDMO,2025-08-10T03:06:23Z,2025-08-10T00:50:00Z,ARR,bad,136.0
2 (08-08),True,False,VANCOUVER,TORONTO,2025-08-08,15,Viking,VKNG,2025-08-10T08:30:40Z,2025-08-10T03:53:00Z,ARR,bad,277.0
2 (08-08),True,False,VANCOUVER,TORONTO,2025-08-08,16,Wainwright,WAIN,2025-08-10T09:27:39Z,2025-08-10T06:14:00Z,ARR,bad,193.0
2 (08-08),True,False,VANCOUVER,TORONTO,2025-08-08,17,Unity,UNIT,2025-08-10T11:40:42Z,2025-08-10T07:47:00Z,ARR,bad,233.0
2 (08-08),True,False,VANCOUVER,TORONTO,2025-08-08,18,Biggar,BIGG,2025-08-10T13:01:01Z,2025-08-10T09:21:00Z,ARR,bad,220.0
2 (08-08),True,False,VANCOUVER,TORONTO,2025-08-08,19,Saskatoon,SASK,2025-08-10T14:36:19Z,2025-08-10T11:57:00Z,ARR,bad,159.0
2 (08-08),True,False,VANCOUVER,TORONTO,2025-08-08,20,Watrous,WATR,2025-08-10T17:26:22Z,2025-08-10T14:26:00Z,ARR,bad,180.0
2 (08-08),True,False,VANCOUVER,TORONTO,2025-08-08,21,Melville,MELV,2025-08-10T20:45:52Z,2025-08-10T18:47:00Z,ARR,bad,118.0
2 (08-08),True,False,VANCOUVER,TORONTO,2025-08-08,22,Rivers,RVRS,2025-08-10T23:16:42Z,2025-08-10T22:22:00Z,ARR,bad,54.0
2 (08-08),True,False,VANCOUVER,TORONTO,2025-08-08,23,Portage La Prairie,PLPX,2025-08-11T02:09:19Z,2025-08-11T00:15:00Z,ARR,bad,114.0
2 (08-08),True,False,VANCOUVER,TORONTO,2025-08-08,24,Winnipeg,WNPG,2025-08-11T03:21:39Z,2025-08-11T03:00:00Z,ARR,bad,21.0
2 (08-08),True,False,VANCOUVER,TORONTO,2025-08-08,25,Elma,ELMA,2025-08-11T08:56:45Z,2025-08-11T05:37:00Z,ARR,bad,199.0
2 (08-08),True,False,VANCOUVER,TORONTO,2025-08-08,26,Brereton Lake,BRTL,2025-08-11T09:12:39Z,2025-08-11T05:58:00Z,ARR,bad,194.0
2 (08-08),True,False,VANCOUVER,TORONTO,2025-08-08,27,Ophir,OPHR,2025-08-11T09:32:25Z,2025-08-11T06:16:00Z,ARR,bad,196.0
2 (08-08),True,False,VANCOUVER,TORONTO,2025-08-08,28,Winnitoba,WNTB,2025-08-11T09:35:37Z,2025-08-11T06:21:00Z,ARR,bad,194.0
2 (08-08),True,False,VANCOUVER,TORONTO,2025-08-08,29,Rice Lake,RCLK,2025-08-11T09:42:40Z,2025-08-11T06:35:00Z,ARR,bad,187.0
2 (08-08),True,False,VANCOUVER,TORONTO,2025-08-08,30,Copelands Landing,COPE,2025-08-11T09:46:47Z,2025-08-11T06:38:00Z,ARR,bad,188.0
2 (08-08),True,False,VANCOUVER,TORONTO,2025-08-08,31,Malachi,MLCH,2025-08-11T09:48:47Z,2025-08-11T06:40:00Z,ARR,bad,188.0
2 (08-08),True,False,VANCOUVER,TORONTO,2025-08-08,32,Ottermere,OTTM,2025-08-11T09:53:17Z,2025-08-11T06:46:00Z,ARR,bad,187.0
2 (08-08),True,False,VANCOUVER,TORONTO,2025-08-08,33,Minaki,MNKI,2025-08-11T10:13:25Z,2025-08-11T07:03:00Z,ARR,bad,190.0
2 (08-08),True,False,VANCOUVER,TORONTO,2025-08-08,34,Redditt,RDDT,2025-08-11T10:32:07Z,2025-08-11T07:29:00Z,ARR,bad,183.0
2 (08-08),True,False,VANCOUVER,TORONTO,2025-08-08,35,Farlane,FARL,2025-08-11T10:54:30Z,2025-08-11T07:46:00Z,ARR,bad,188.0
2 (08-08),True,False,VANCOUVER,TORONTO,2025-08-08,36,Canyon,CNYK,2025-08-11T11:25:03Z,2025-08-11T08:23:00Z,ARR,bad,182.0
2 (08-08),True,False,VANCOUVER,TORONTO,2025-08-08,37,Red Lake Road,RLRX,2025-08-11T11:48:59Z,2025-08-11T08:51:00Z,ARR,bad,177.0
2 (08-08),True,False,VANCOUVER,TORONTO,2025-08-08,38,Richan,RCHN,2025-08-11T12:41:00Z,2025-08-11T09:28:00Z,ARR,bad,193.0
2 (08-08),True,False,VANCOUVER,TORONTO,2025-08-08,39,Sioux Lookout,SLKT,2025-08-11T14:35:28Z,2025-08-11T11:01:00Z,ARR,bad,214.0
2 (08-08),True,False,VANCOUVER,TORONTO,2025-08-08,40,Savant Lake,SAVL,2025-08-11T16:20:43Z,2025-08-11T13:14:00Z,ARR,bad,186.0
2 (08-08),True,False,VANCOUVER,TORONTO,2025-08-08,41,Flindt Landing,FLTL,2025-08-11T16:37:43Z,2025-08-11T13:31:00Z,ARR,bad,186.0
2 (08-08),True,False,VANCOUVER,TORONTO,2025-08-08,42,Allanwater Bridge,ALWB,2025-08-11T16:52:43Z,2025-08-11T13:46:00Z,ARR,bad,186.0
2 (08-08),True,False,VANCOUVER,TORONTO,2025-08-08,43,Collins,COLL,2025-08-11T17:32:43Z,2025-08-11T14:26:00Z,ARR,bad,186.0
2 (08-08),True,False,VANCOUVER,TORONTO,2025-08-08,44,Armstrong,ARMG,2025-08-11T18:42:48Z,2025-08-11T14:57:00Z,ARR,bad,225.0
2 (08-08),True,False,VANCOUVER,TORONTO,2025-08-08,45,Mud River,MUDR,2025-08-11T19:30:02Z,2025-08-11T15:29:00Z,ARR,bad,241.0
2 (08-08),True,False,VANCOUVER,TORONTO,2025-08-08,46,Ferland,FERL,2025-08-11T19:38:02Z,2025-08-11T15:37:00Z,ARR,bad,241.0
2 (08-08),True,False,VANCOUVER,TORONTO,2025-08-08,47,Auden,AUDN,2025-08-11T20:15:02Z,2025-08-11T16:14:00Z,ARR,bad,241.0
2 (08-08),True,False,VANCOUVER,TORONTO,2025-08-08,48,Nakina,NAKI,2025-08-11T21:51:43Z,2025-08-11T17:20:00Z,ARR,bad,271.0
2 (08-08),True,False,VANCOUVER,TORONTO,2025-08-08,49,Longlac,LLAC,2025-08-11T22:24:48Z,2025-08-11T18:11:00Z,ARR,bad,253.0
2 (08-08),True,False,VANCOUVER,TORONTO,2025-08-08,50,Caramat,CARA,2025-08-11T22:58:03Z,2025-08-11T18:39:00Z,ARR,bad,259.0
2 (08-08),True,False,VANCOUVER,TORONTO,2025-08-08,51,Hillsport,HLSP,2025-08-11T23:43:10Z,2025-08-11T19:29:00Z,ARR,bad,254.0
2 (08-08),True,False,VANCOUVER,TORONTO,2025-08-08,52,Hornepayne,HNPN,2025-08-12T01:43:12Z,2025-08-11T21:44:00Z,ARR,bad,239.0
2 (08-08),True,False,VANCOUVER,TORONTO,2025-08-08,53,Oba,OBAX,2025-08-12T02:50:19Z,2025-08-11T23:30:00Z,ARR,bad,200.0
2 (08-08),True,False,VANCOUVER,TORONTO,2025-08-08,54,Elsas,ELSA,2025-08-12T04:24:19Z,2025-08-12T01:04:00Z,26 mins,bad,200.0
2 (08-08),True,False,VANCOUVER,TORONTO,2025-08-08,55,Foleyet,FOLE,2025-08-12T05:47:19Z,2025-08-12T02:27:00Z,1h49,bad,200.0
2 (08-08),True,False,VANCOUVER,TORONTO,2025-08-08,56,Gogama,GOGA,&mdash;,2025-08-12T04:02:00Z,&mdash;,,
2 (08-08),True,False,VANCOUVER,TORONTO,2025-08-08,57,Westree,WSTR,&mdash;,2025-08-12T04:35:00Z,&mdash;,,
2 (08-08),True,False,VANCOUVER,TORONTO,2025-08-08,58,Ruel,RUEL,&mdash;,2025-08-12T04:52:00Z,&mdash;,,
2 (08-08),True,False,VANCOUVER,TORONTO,2025-08-08,59,Felix,FELX,&mdash;,2025-08-12T05:00:00Z,&mdash;,,
2 (08-08),True,False,VANCOUVER,TORONTO,2025-08-08,60,McKee's Camp,MCKC,&mdash;,2025-08-12T05:20:00Z,&mdash;,,
2 (08-08),True,False,VANCOUVER,TORONTO,2025-08-08,61,Laforest,LAFO,&mdash;,2025-08-12T05:33:00Z,&mdash;,,
2 (08-08),True,False,VANCOUVER,TORONTO,2025-08-08,62,Capreol,CAPR,&mdash;,2025-08-12T07:47:00Z,&mdash;,,
2 (08-08),True,False,VANCOUVER,TORONTO,2025-08-08,63,Sudbury (Jct.),SUDJ,&mdash;,2025-08-12T08:49:00Z,&mdash;,,
2 (08-08),True,False,VANCOUVER,TORONTO,2025-08-08,64,Parry Sound,PARS,&mdash;,2025-08-12T12:00:00Z,&mdash;,,
2 (08-08),True,False,VANCOUVER,TORONTO,2025-08-08,65,Washago,WSHG,&mdash;,2025-08-12T14:00:00Z,&mdash;,,
1 (08-10),True,False,TORONTO,VANCOUVER,2025-08-10,0,Toronto,TRTO,2025-08-10T13:55:00Z,2025-08-10T13:55:00Z,ARR,goo,0.0
1 (08-10),True,False,TORONTO,VANCOUVER,2025-08-10,1,Washago,WSHG,2025-08-10T16:48:14Z,2025-08-10T16:25:00Z,ARR,bad,23.0
1 (08-10),True,False,TORONTO,VANCOUVER,2025-08-10,2,South Parry,SPAR,2025-08-10T18:46:19Z,2025-08-10T18:27:00Z,ARR,bad,19.0
1 (08-10),True,False,TORONTO,VANCOUVER,2025-08-10,3,Sudbury (Jct.),SUDJ,2025-08-10T21:14:29Z,2025-08-10T20:57:00Z,ARR,bad,17.0
1 (08-10),True,False,TORONTO,VANCOUVER,2025-08-10,4,Capreol,CAPR,2025-08-10T21:46:48Z,2025-08-10T21:22:00Z,ARR,bad,24.0
1 (08-10),True,False,TORONTO,VANCOUVER,2025-08-10,5,Laforest,LAFO,2025-08-10T23:17:32Z,2025-08-10T22:48:00Z,ARR,bad,29.0
1 (08-10),True,False,TORONTO,VANCOUVER,2025-08-10,6,McKee's Camp,MCKC,2025-08-10T23:30:32Z,2025-08-10T23:01:00Z,ARR,bad,29.0
1 (08-10),True,False,TORONTO,VANCOUVER,2025-08-10,7,Felix,FELX,2025-08-10T23:50:32Z,2025-08-10T23:21:00Z,ARR,bad,29.0
1 (08-10),True,False,TORONTO,VANCOUVER,2025-08-10,8,Ruel,RUEL,2025-08-10T23:57:32Z,2025-08-10T23:28:00Z,ARR,bad,29.0
1 (08-10),True,False,TORONTO,VANCOUVER,2025-08-10,9,Westree,WSTR,2025-08-11T00:00:26Z,2025-08-10T23:45:00Z,ARR,bad,15.0
1 (08-10),True,False,TORONTO,VANCOUVER,2025-08-10,10,Gogama,GOGA,2025-08-11T00:27:29Z,2025-08-11T00:18:00Z,ARR,med,9.0
1 (08-10),True,False,TORONTO,VANCOUVER,2025-08-10,11,Foleyet,FOLE,2025-08-11T03:13:19Z,2025-08-11T02:44:00Z,ARR,bad,29.0
1 (08-10),True,False,TORONTO,VANCOUVER,2025-08-10,12,Elsas,ELSA,2025-08-11T04:10:07Z,2025-08-11T03:38:00Z,ARR,bad,32.0
1 (08-10),True,False,TORONTO,VANCOUVER,2025-08-10,13,Oba,OBAX,2025-08-11T05:57:07Z,2025-08-11T05:38:00Z,ARR,bad,19.0
1 (08-10),True,False,TORONTO,VANCOUVER,2025-08-10,14,Hornepayne,HNPN,2025-08-11T06:43:47Z,2025-08-11T06:29:00Z,ARR,med,14.0
1 (08-10),True,False,TORONTO,VANCOUVER,2025-08-10,15,Hillsport,HLSP,2025-08-11T08:41:17Z,2025-08-11T08:05:00Z,ARR,bad,36.0
1 (08-10),True,False,TORONTO,VANCOUVER,2025-08-10,16,Caramat,CARA,2025-08-11T09:44:27Z,2025-08-11T08:55:00Z,ARR,bad,49.0
1 (08-10),True,False,TORONTO,VANCOUVER,2025-08-10,17,Longlac,LLAC,2025-08-11T10:07:32Z,2025-08-11T09:34:00Z,ARR,bad,33.0
1 (08-10),True,False,TORONTO,VANCOUVER,2025-08-10,18,Nakina,NAKI,2025-08-11T10:59:56Z,2025-08-11T10:13:00Z,ARR,bad,46.0
1 (08-10),True,False,TORONTO,VANCOUVER,2025-08-10,19,Auden,AUDN,2025-08-11T12:13:33Z,2025-08-11T11:19:00Z,ARR,bad,54.0
1 (08-10),True,False,TORONTO,VANCOUVER,2025-08-10,20,Ferland,FERL,2025-08-11T12:50:02Z,2025-08-11T11:56:00Z,ARR,bad,54.0
1 (08-10),True,False,TORONTO,VANCOUVER,2025-08-10,21,Mud River,MUDR,2025-08-11T12:56:39Z,2025-08-11T12:05:00Z,ARR,bad,51.0
1 (08-10),True,False,TORONTO,VANCOUVER,2025-08-10,22,Armstrong,ARMG,2025-08-11T13:39:31Z,2025-08-11T13:17:00Z,ARR,bad,22.0
1 (08-10),True,False,TORONTO,VANCOUVER,2025-08-10,23,Collins,COLL,2025-08-11T14:25:06Z,2025-08-11T13:47:00Z,ARR,bad,38.0
1 (08-10),True,False,TORONTO,VANCOUVER,2025-08-10,24,Allanwater Bridge,ALWB,2025-08-11T15:22:23Z,2025-08-11T14:26:00Z,ARR,bad,56.0
1 (08-10),True,False,TORONTO,VANCOUVER,2025-08-10,25,Flindt Landing,FLTL,2025-08-11T15:38:23Z,2025-08-11T14:42:00Z,ARR,bad,56.0
1 (08-10),True,False,TORONTO,VANCOUVER,2025-08-10,26,Savant Lake,SAVL,2025-08-11T15:55:23Z,2025-08-11T14:59:00Z,ARR,bad,56.0
1 (08-10),True,False,TORONTO,VANCOUVER,2025-08-10,27,Sioux Lookout,SLKT,2025-08-11T17:21:09Z,2025-08-11T16:25:00Z,ARR,bad,56.0
1 (08-10),True,False,TORONTO,VANCOUVER,2025-08-10,28,Richan,RCHN,2025-08-11T19:19:13Z,2025-08-11T18:05:00Z,ARR,bad,74.0
1 (08-10),True,False,TORONTO,VANCOUVER,2025-08-10,29,Red Lake Road,RLRX,2025-08-11T20:28:28Z,2025-08-11T18:41:00Z,ARR,bad,107.0
1 (08-10),True,False,TORONTO,VANCOUVER,2025-08-10,30,Canyon,CNYK,2025-08-11T21:05:54Z,2025-08-11T19:10:00Z,ARR,bad,115.0
1 (08-10),True,False,TORONTO,VANCOUVER,2025-08-10,31,Farlane,FARL,2025-08-11T22:14:40Z,2025-08-11T19:47:00Z,ARR,bad,147.0
1 (08-10),True,False,TORONTO,VANCOUVER,2025-08-10,32,Redditt,RDDT,2025-08-11T22:29:12Z,2025-08-11T20:23:00Z,ARR,bad,126.0
1 (08-10),True,False,TORONTO,VANCOUVER,2025-08-10,33,Minaki,MNKI,2025-08-11T22:56:19Z,2025-08-11T20:44:00Z,ARR,bad,132.0
1 (08-10),True,False,TORONTO,VANCOUVER,2025-08-10,34,Ottermere,OTTM,2025-08-11T23:16:13Z,2025-08-11T21:01:00Z,ARR,bad,135.0
1 (08-10),True,False,TORONTO,VANCOUVER,2025-08-10,35,Malachi,MLCH,2025-08-11T23:32:35Z,2025-08-11T21:07:00Z,ARR,bad,145.0
1 (08-10),True,False,TORONTO,VANCOUVER,2025-08-10,36,Copelands Landing,COPE,2025-08-11T23:33:46Z,2025-08-11T21:09:00Z,ARR,bad,144.0
1 (08-10),True,False,TORONTO,VANCOUVER,2025-08-10,37,Rice Lake,RCLK,2025-08-11T23:42:12Z,2025-08-11T21:12:00Z,ARR,bad,150.0
1 (08-10),True,False,TORONTO,VANCOUVER,2025-08-10,38,Winnitoba,WNTB,2025-08-11T23:52:10Z,2025-08-11T21:26:00Z,ARR,bad,146.0
1 (08-10),True,False,TORONTO,VANCOUVER,2025-08-10,39,Ophir,OPHR,2025-08-11T23:52:26Z,2025-08-11T21:31:00Z,ARR,bad,141.0
1 (08-10),True,False,TORONTO,VANCOUVER,2025-08-10,40,Brereton Lake,BRTL,2025-08-12T00:27:44Z,2025-08-11T21:49:00Z,ARR,bad,158.0
1 (08-10),True,False,TORONTO,VANCOUVER,2025-08-10,41,Elma,ELMA,2025-08-12T00:48:40Z,2025-08-11T22:10:00Z,ARR,bad,158.0
1 (08-10),True,False,TORONTO,VANCOUVER,2025-08-10,42,Winnipeg,WNPG,2025-08-12T02:47:57Z,2025-08-12T00:30:00Z,ARR,bad,137.0
1 (08-10),True,False,TORONTO,VANCOUVER,2025-08-10,43,Portage La Prairie,PLPX,2025-08-12T06:20:58Z,2025-08-12T04:04:00Z,2h22,bad,136.0
1 (08-10),True,False,TORONTO,VANCOUVER,2025-08-10,44,Rivers,RVRS,2025-08-12T08:47:58Z,2025-08-12T06:31:00Z,4h49,bad,136.0
1 (08-10),True,False,TORONTO,VANCOUVER,2025-08-10,45,Melville,MELV,&mdash;,2025-08-12T10:54:00Z,&mdash;,,
1 (08-10),True,False,TORONTO,VANCOUVER,2025-08-10,46,Watrous,WATR,&mdash;,2025-08-12T13:54:00Z,&mdash;,,
1 (08-10),True,False,TORONTO,VANCOUVER,2025-08-10,47,Saskatoon,SASK,&mdash;,2025-08-12T15:50:00Z,&mdash;,,
2 (08-11),True,False,VANCOUVER,TORONTO,2025-08-11,0,Vancouver,VCVR,2025-08-11T22:00:00Z,2025-08-11T22:00:00Z,ARR,goo,0.0
2 (08-11),True,False,VANCOUVER,TORONTO,2025-08-11,1,Mission Harbour,MSNH,2025-08-12T00:46:33Z,2025-08-11T23:35:00Z,ARR,bad,71.0
2 (08-11),True,False,VANCOUVER,TORONTO,2025-08-11,2,Agassiz,AGAS,2025-08-12T02:01:41Z,2025-08-12T00:03:00Z,ARR,bad,118.0
2 (08-11),True,False,VANCOUVER,TORONTO,2025-08-11,3,Katz,KATZ,2025-08-12T02:26:07Z,2025-08-12T00:17:00Z,ARR,bad,129.0
2 (08-11),True,False,VANCOUVER,TORONTO,2025-08-11,4,North Bend,NBND,2025-08-12T04:37:45Z,2025-08-12T02:46:00Z,39 mins,bad,111.0
2 (08-11),True,False,VANCOUVER,TORONTO,2025-08-11,5,Ashcroft,ASHN,2025-08-12T07:23:45Z,2025-08-12T05:32:00Z,3h25,bad,111.0
2 (08-11),True,False,VANCOUVER,TORONTO,2025-08-11,6,Kamloops North,KAMN,&mdash;,2025-08-12T07:17:00Z,&mdash;,,
2 (08-11),True,False,VANCOUVER,TORONTO,2025-08-11,7,Clearwater,CLWT,&mdash;,2025-08-12T09:58:00Z,&mdash;,,
2 (08-11),True,False,VANCOUVER,TORONTO,2025-08-11,8,Blue River,BLUE,&mdash;,2025-08-12T12:11:00Z,&mdash;,,
2 (08-11),True,False,VANCOUVER,TORONTO,2025-08-11,9,Valemount,VLMT,&mdash;,2025-08-12T14:01:00Z,&mdash;,,
2 (08-11),True,False,VANCOUVER,TORONTO,2025-08-11,10,Jasper,JASP,&mdash;,2025-08-12T17:00:00Z,&mdash;,,
692,True,True,CHURCHILL,WINNIPEG,2025-08-09,0,Churchill,CHUR,2025-08-10T01:30:00Z,2025-08-10T01:30:00Z,ARR,goo,0.0
692,True,True,CHURCHILL,WINNIPEG,2025-08-09,1,Tidal,TIDL,2025-08-10T01:56:13Z,2025-08-10T01:52:00Z,ARR,goo,4.0
692,True,True,CHURCHILL,WINNIPEG,2025-08-09,2,Chesnaye,CHES,2025-08-10T02:55:00Z,2025-08-10T02:38:00Z,ARR,bad,17.0
692,True,True,CHURCHILL,WINNIPEG,2025-08-09,3,M'Clintock,MCLI,2025-08-10T04:15:22Z,2025-08-10T03:54:00Z,ARR,bad,21.0
692,True,True,CHURCHILL,WINNIPEG,2025-08-09,4,O'Day,ODAY,2025-08-10T04:53:36Z,2025-08-10T04:39:00Z,ARR,med,14.0
692,True,True,CHURCHILL,WINNIPEG,2025-08-09,5,Herchmer,HERC,2025-08-10T05:11:57Z,2025-08-10T05:18:00Z,ARR,goo,-6.0
692,True,True,CHURCHILL,WINNIPEG,2025-08-09,6,Thibaudeau,THIB,2025-08-10T06:32:15Z,2025-08-10T06:44:00Z,ARR,goo,-11.0
692,True,True,CHURCHILL,WINNIPEG,2025-08-09,7,Weir River,WEIR,2025-08-10T07:28:28Z,2025-08-10T07:46:00Z,ARR,goo,-17.0
692,True,True,CHURCHILL,WINNIPEG,2025-08-09,8,Amery,AMRY,2025-08-10T08:10:24Z,2025-08-10T08:37:00Z,ARR,goo,-26.0
692,True,True,CHURCHILL,WINNIPEG,2025-08-09,9,Bird,BIRD,2025-08-10T08:59:53Z,2025-08-10T09:00:00Z,ARR,goo,0.0
692,True,True,CHURCHILL,WINNIPEG,2025-08-09,10,Gillam,GILL,2025-08-10T09:45:38Z,2025-08-10T10:00:00Z,ARR,goo,-14.0
692,True,True,CHURCHILL,WINNIPEG,2025-08-09,11,Wivenhoe,WVHO,2025-08-10T11:17:32Z,2025-08-10T11:16:00Z,ARR,goo,1.0
692,True,True,CHURCHILL,WINNIPEG,2025-08-09,12,Ilford,ILFO,2025-08-10T12:14:04Z,2025-08-10T11:53:00Z,ARR,bad,21.0
692,True,True,CHURCHILL,WINNIPEG,2025-08-09,13,Pit Siding,PITS,2025-08-10T13:29:07Z,2025-08-10T12:54:00Z,ARR,bad,35.0
692,True,True,CHURCHILL,WINNIPEG,2025-08-09,14,Bridgar,BRGR,2025-08-10T14:49:52Z,2025-08-10T14:16:00Z,ARR,bad,33.0
692,True,True,CHURCHILL,WINNIPEG,2025-08-09,15,Pikwitonei,PIKW,2025-08-10T15:00:52Z,2025-08-10T14:27:00Z,ARR,bad,33.0
692,True,True,CHURCHILL,WINNIPEG,2025-08-09,16,Sipiwesk,SIPI,2025-08-10T15:38:04Z,2025-08-10T14:54:00Z,ARR,bad,44.0
692,True,True,CHURCHILL,WINNIPEG,2025-08-09,17,Thompson,THOM,2025-08-10T18:34:36Z,2025-08-10T16:30:00Z,ARR,bad,124.0
692,True,True,CHURCHILL,WINNIPEG,2025-08-09,18,Leven,LEVN,2025-08-10T20:51:28Z,2025-08-10T21:05:00Z,ARR,goo,-13.0
692,True,True,CHURCHILL,WINNIPEG,2025-08-09,19,Thicket Portage,THKP,2025-08-10T21:08:28Z,2025-08-10T21:22:00Z,ARR,goo,-13.0
692,True,True,CHURCHILL,WINNIPEG,2025-08-09,20,Hockin,HOCK,2025-08-10T21:37:00Z,2025-08-10T21:37:00Z,ARR,goo,0.0
692,True,True,CHURCHILL,WINNIPEG,2025-08-09,21,Odhill,ODHI,2025-08-10T22:13:45Z,2025-08-10T22:21:00Z,ARR,goo,-7.0
692,True,True,CHURCHILL,WINNIPEG,2025-08-09,22,Lyddal,LYDD,2025-08-10T22:43:00Z,2025-08-10T22:43:00Z,ARR,goo,0.0
692,True,True,CHURCHILL,WINNIPEG,2025-08-09,23,Wabowden,WBDN,2025-08-10T23:11:00Z,2025-08-10T23:11:00Z,ARR,goo,0.0
692,True,True,CHURCHILL,WINNIPEG,2025-08-09,24,Pipun,PIPN,2025-08-10T23:34:00Z,2025-08-10T23:34:00Z,ARR,goo,0.0
692,True,True,CHURCHILL,WINNIPEG,2025-08-09,25,Ponton,PNTN,2025-08-11T00:17:00Z,2025-08-11T00:17:00Z,ARR,goo,0.0
692,True,True,CHURCHILL,WINNIPEG,2025-08-09,26,Turnbull,TURN,2025-08-11T00:49:00Z,2025-08-11T00:49:00Z,ARR,goo,0.0
692,True,True,CHURCHILL,WINNIPEG,2025-08-09,27,Wekusko,WEKU,2025-08-11T01:16:00Z,2025-08-11T01:16:00Z,ARR,goo,0.0
692,True,True,CHURCHILL,WINNIPEG,2025-08-09,28,Dyce,DYCE,2025-08-11T01:46:33Z,2025-08-11T02:00:00Z,ARR,goo,-13.0
692,True,True,CHURCHILL,WINNIPEG,2025-08-09,29,Dering,DERI,2025-08-11T02:39:00Z,2025-08-11T02:39:00Z,ARR,goo,0.0
692,True,True,CHURCHILL,WINNIPEG,2025-08-09,30,Cormorant,CORM,2025-08-11T02:47:00Z,2025-08-11T02:47:00Z,ARR,goo,0.0
692,True,True,CHURCHILL,WINNIPEG,2025-08-09,31,Halcrow,HALC,2025-08-11T02:32:34Z,2025-08-11T02:58:00Z,ARR,goo,-25.0
692,True,True,CHURCHILL,WINNIPEG,2025-08-09,32,Orok,OROK,2025-08-11T03:23:27Z,2025-08-11T03:52:00Z,ARR,goo,-28.0
692,True,True,CHURCHILL,WINNIPEG,2025-08-09,33,The Pas,TPAS,2025-08-11T03:56:27Z,2025-08-11T04:30:00Z,ARR,goo,-33.0
692,True,True,CHURCHILL,WINNIPEG,2025-08-09,34,Hudson Bay,HBAY,2025-08-11T11:36:41Z,2025-08-11T10:27:00Z,ARR,bad,69.0
692,True,True,CHURCHILL,WINNIPEG,2025-08-09,35,Reserve,RSRV,2025-08-11T12:38:03Z,2025-08-11T11:09:00Z,ARR,bad,89.0
692,True,True,CHURCHILL,WINNIPEG,2025-08-09,36,Endeavour,ENDV,2025-08-11T13:30:00Z,2025-08-11T11:55:00Z,ARR,bad,95.0
692,True,True,CHURCHILL,WINNIPEG,2025-08-09,37,Sturgis,STGS,2025-08-11T14:00:09Z,2025-08-11T12:24:00Z,ARR,bad,96.0
692,True,True,CHURCHILL,WINNIPEG,2025-08-09,38,Canora,CANO,2025-08-11T14:41:08Z,2025-08-11T13:08:00Z,ARR,bad,93.0
692,True,True,CHURCHILL,WINNIPEG,2025-08-09,39,Mikado,MIKA,2025-08-11T15:04:31Z,2025-08-11T13:30:00Z,ARR,bad,94.0
692,True,True,CHURCHILL,WINNIPEG,2025-08-09,40,Veregin,VERE,2025-08-11T15:16:07Z,2025-08-11T13:43:00Z,ARR,bad,93.0
692,True,True,CHURCHILL,WINNIPEG,2025-08-09,41,Kamsack,KAMS,2025-08-11T15:27:18Z,2025-08-11T13:58:00Z,ARR,bad,89.0
692,True,True,CHURCHILL,WINNIPEG,2025-08-09,42,Togo,TOGO,2025-08-11T16:01:16Z,2025-08-11T14:37:00Z,ARR,bad,84.0
692,True,True,CHURCHILL,WINNIPEG,2025-08-09,43,Roblin,RBLN,2025-08-11T16:32:11Z,2025-08-11T15:14:00Z,ARR,bad,78.0
692,True,True,CHURCHILL,WINNIPEG,2025-08-09,44,Grandview,GVIE,2025-08-11T17:59:22Z,2025-08-11T16:12:00Z,ARR,bad,107.0
692,True,True,CHURCHILL,WINNIPEG,2025-08-09,45,Gilbert Plains,GLBP,2025-08-11T18:23:58Z,2025-08-11T16:32:00Z,ARR,bad,111.0
692,True,True,CHURCHILL,WINNIPEG,2025-08-09,46,Dauphin,DAUP,2025-08-11T19:44:15Z,2025-08-11T16:56:00Z,ARR,bad,168.0
692,True,True,CHURCHILL,WINNIPEG,2025-08-09,47,Ochre River,OCHR,2025-08-11T20:33:47Z,2025-08-11T17:20:00Z,ARR,bad,193.0
692,True,True,CHURCHILL,WINNIPEG,2025-08-09,48,Laurier,LRIE,2025-08-11T20:56:24Z,2025-08-11T17:38:00Z,ARR,bad,198.0
692,True,True,CHURCHILL,WINNIPEG,2025-08-09,49,Mccreary,MCCR,2025-08-11T21:17:48Z,2025-08-11T17:54:00Z,ARR,bad,203.0
692,True,True,CHURCHILL,WINNIPEG,2025-08-09,50,Glenella,GLNA,2025-08-11T22:02:55Z,2025-08-11T18:34:00Z,ARR,bad,208.0
692,True,True,CHURCHILL,WINNIPEG,2025-08-09,51,Plumas,PLUM,2025-08-11T23:06:03Z,2025-08-11T19:06:00Z,ARR,bad,240.0
692,True,True,CHURCHILL,WINNIPEG,2025-08-09,52,Gladstone,GSTO,2025-08-11T23:40:33Z,2025-08-11T19:51:00Z,ARR,bad,229.0
692,True,True,CHURCHILL,WINNIPEG,2025-08-09,53,Portage La Prairie,PLPX,2025-08-12T00:29:36Z,2025-08-11T20:37:00Z,ARR,bad,232.0
692,True,True,CHURCHILL,WINNIPEG,2025-08-09,54,Winnipeg,WNPG,2025-08-12T01:54:59Z,2025-08-11T21:45:00Z,ARR,bad,249.0
6,True,True,PRINCE RUPERT,JASPER,2025-08-10,0,Prince Rupert,PRUP,2025-08-10T15:00:28Z,2025-08-10T15:00:00Z,ARR,goo,0.0
6,True,True,PRINCE RUPERT,JASPER,2025-08-10,1,Cassiar Cannery,CASS,2025-08-10T15:33:15Z,2025-08-10T15:20:00Z,ARR,med,13.0
6,True,True,PRINCE RUPERT,JASPER,2025-08-10,2,Kwinitsa,KWIN,2025-08-10T16:11:54Z,2025-08-10T16:17:00Z,ARR,goo,-5.0
6,True,True,PRINCE RUPERT,JASPER,2025-08-10,3,Terrace,TRRC,2025-08-10T17:50:59Z,2025-08-10T17:20:00Z,ARR,bad,30.0
6,True,True,PRINCE RUPERT,JASPER,2025-08-10,4,Usk,USKX,2025-08-10T18:16:37Z,2025-08-10T17:48:00Z,ARR,bad,28.0
6,True,True,PRINCE RUPERT,JASPER,2025-08-10,5,Pacific,PACI,2025-08-10T18:31:37Z,2025-08-10T18:07:00Z,ARR,bad,24.0
6,True,True,PRINCE RUPERT,JASPER,2025-08-10,6,Dorreen,DORR,2025-08-10T18:39:28Z,2025-08-10T18:19:00Z,ARR,bad,20.0
6,True,True,PRINCE RUPERT,JASPER,2025-08-10,7,Cedarvale,CEDA,2025-08-10T18:58:00Z,2025-08-10T18:44:00Z,ARR,med,14.0
6,True,True,PRINCE RUPERT,JASPER,2025-08-10,8,Kitwanga,KITW,2025-08-10T19:15:11Z,2025-08-10T18:48:01Z,ARR,bad,27.0
6,True,True,PRINCE RUPERT,JASPER,2025-08-10,9,New Hazelton,NHAZ,2025-08-10T20:00:59Z,2025-08-10T19:30:00Z,ARR,bad,30.0
6,True,True,PRINCE RUPERT,JASPER,2025-08-10,10,Smithers,SMTR,2025-08-10T21:08:07Z,2025-08-10T21:14:00Z,ARR,goo,-5.0
6,True,True,PRINCE RUPERT,JASPER,2025-08-10,11,Telkwa,TELK,2025-08-10T21:42:18Z,2025-08-10T21:37:00Z,ARR,med,5.0
6,True,True,PRINCE RUPERT,JASPER,2025-08-10,12,Houston,HOUS,2025-08-10T22:50:33Z,2025-08-10T22:22:00Z,ARR,bad,28.0
6,True,True,PRINCE RUPERT,JASPER,2025-08-10,13,Burns Lake,BRNL,2025-08-11T00:13:08Z,2025-08-10T23:32:00Z,ARR,bad,41.0
6,True,True,PRINCE RUPERT,JASPER,2025-08-10,14,Endako,ENDA,2025-08-11T01:02:03Z,2025-08-11T00:25:00Z,ARR,bad,37.0
6,True,True,PRINCE RUPERT,JASPER,2025-08-10,15,Fort Fraser,FFRA,2025-08-11T01:30:36Z,2025-08-11T00:57:00Z,ARR,bad,33.0
6,True,True,PRINCE RUPERT,JASPER,2025-08-10,16,Vanderhoof,VDRH,2025-08-11T02:08:04Z,2025-08-11T01:35:00Z,ARR,bad,33.0
6,True,True,PRINCE RUPERT,JASPER,2025-08-10,17,Prince George,PGEO,2025-08-11T04:02:47Z,2025-08-11T03:29:00Z,ARR,bad,33.0
6,True,True,PRINCE RUPERT,JASPER,2025-08-10,18,Willow River,WILR,2025-08-11T15:42:47Z,2025-08-11T15:48:00Z,ARR,goo,-5.0
6,True,True,PRINCE RUPERT,JASPER,2025-08-10,19,Aleza Lake,ALZL,2025-08-11T16:06:49Z,2025-08-11T16:17:00Z,ARR,goo,-10.0
6,True,True,PRINCE RUPERT,JASPER,2025-08-10,20,Upper Fraser,UFRZ,2025-08-11T16:25:00Z,2025-08-11T16:25:00Z,ARR,goo,0.0
6,True,True,PRINCE RUPERT,JASPER,2025-08-10,21,Mcgregor,MCGR,2025-08-11T16:33:00Z,2025-08-11T16:33:00Z,ARR,goo,0.0
6,True,True,PRINCE RUPERT,JASPER,2025-08-10,22,Sinclair Mills,SINM,2025-08-11T16:29:50Z,2025-08-11T16:44:00Z,ARR,goo,-14.0
6,True,True,PRINCE RUPERT,JASPER,2025-08-10,23,Hutton,HUTT,2025-08-11T16:48:00Z,2025-08-11T16:48:00Z,ARR,goo,0.0
6,True,True,PRINCE RUPERT,JASPER,2025-08-10,24,Longworth,LWTH,2025-08-11T16:49:43Z,2025-08-11T16:59:00Z,ARR,goo,-9.0
6,True,True,PRINCE RUPERT,JASPER,2025-08-10,25,Penny,PENN,2025-08-11T17:08:26Z,2025-08-11T17:13:00Z,ARR,goo,-4.0
6,True,True,PRINCE RUPERT,JASPER,2025-08-10,26,Bend,BEND,2025-08-11T17:30:15Z,2025-08-11T17:32:00Z,ARR,goo,-1.0
6,True,True,PRINCE RUPERT,JASPER,2025-08-10,27,Dome Creek,DOMC,2025-08-11T17:31:04Z,2025-08-11T17:33:07Z,ARR,goo,-2.0
6,True,True,PRINCE RUPERT,JASPER,2025-08-10,28,Loos,LOOS,2025-08-11T18:01:17Z,2025-08-11T18:07:00Z,ARR,goo,-5.0
6,True,True,PRINCE RUPERT,JASPER,2025-08-10,29,Goat River,GOAT,2025-08-11T18:14:34Z,2025-08-11T18:22:00Z,ARR,goo,-7.0
6,True,True,PRINCE RUPERT,JASPER,2025-08-10,30,Mcbride,MCBR,2025-08-11T19:03:02Z,2025-08-11T19:18:00Z,ARR,goo,-14.0
6,True,True,PRINCE RUPERT,JASPER,2025-08-10,31,Dunster,DNST,2025-08-11T19:35:09Z,2025-08-11T19:35:00Z,ARR,goo,0.0
6,True,True,PRINCE RUPERT,JASPER,2025-08-10,32,Harvey,HRVY,2025-08-11T20:07:37Z,2025-08-11T20:24:00Z,ARR,goo,-16.0
6,True,True,PRINCE RUPERT,JASPER,2025-08-10,33,Jasper,JASP,2025-08-11T22:11:32Z,2025-08-11T23:00:00Z,ARR,goo,-48.0
15,True,True,HALIFAX,MONTRÉAL,2025-08-10,0,Halifax,HLFX,2025-08-10T14:30:00Z,2025-08-10T14:30:00Z,ARR,goo,0.0
15,True,True,HALIFAX,MONTRÉAL,2025-08-10,1,Truro,TRUR,2025-08-10T15:53:01Z,2025-08-10T15:56:00Z,ARR,goo,-2.0
15,True,True,HALIFAX,MONTRÉAL,2025-08-10,2,Springhill Jct,SPRJ,2025-08-10T17:26:04Z,2025-08-10T17:11:00Z,ARR,bad,15.0
15,True,True,HALIFAX,MONTRÉAL,2025-08-10,3,Amherst,AMHS,2025-08-10T17:47:24Z,2025-08-10T17:34:00Z,ARR,med,13.0
15,True,True,HALIFAX,MONTRÉAL,2025-08-10,4,Sackville,SACK,2025-08-10T18:14:15Z,2025-08-10T17:50:00Z,ARR,bad,24.0
15,True,True,HALIFAX,MONTRÉAL,2025-08-10,5,Moncton,MCTN,2025-08-10T19:01:22Z,2025-08-10T18:44:00Z,ARR,bad,17.0
15,True,True,HALIFAX,MONTRÉAL,2025-08-10,6,Rogersville,RGRV,2025-08-11T00:18:15Z,2025-08-10T20:08:00Z,ARR,bad,250.0
15,True,True,HALIFAX,MONTRÉAL,2025-08-10,7,Miramichi,MIRA,2025-08-11T01:07:09Z,2025-08-10T20:59:00Z,ARR,bad,248.0
15,True,True,HALIFAX,MONTRÉAL,2025-08-10,8,Bathurst,BTRS,2025-08-11T02:50:57Z,2025-08-10T22:55:00Z,ARR,bad,235.0
15,True,True,HALIFAX,MONTRÉAL,2025-08-10,9,Petit Rocher,PROC,2025-08-11T04:10:57Z,2025-08-10T23:22:00Z,ARR,bad,288.0
15,True,True,HALIFAX,MONTRÉAL,2025-08-10,10,Jacquet River,JACR,2025-08-11T04:53:03Z,2025-08-10T23:44:01Z,ARR,bad,309.0
15,True,True,HALIFAX,MONTRÉAL,2025-08-10,11,Charlo,CHLO,2025-08-11T05:44:55Z,2025-08-11T00:07:00Z,ARR,bad,337.0
15,True,True,HALIFAX,MONTRÉAL,2025-08-10,12,Campbellton,CBTN,2025-08-11T06:42:57Z,2025-08-11T01:10:00Z,ARR,bad,332.0
15,True,True,HALIFAX,MONTRÉAL,2025-08-10,13,Matapedia,MTPD,2025-08-11T07:29:37Z,2025-08-11T01:52:00Z,ARR,bad,337.0
15,True,True,HALIFAX,MONTRÉAL,2025-08-10,14,Causapscal,CAUS,2025-08-11T08:39:09Z,2025-08-11T02:41:00Z,ARR,bad,358.0
15,True,True,HALIFAX,MONTRÉAL,2025-08-10,15,Amqui,AMQU,2025-08-11T09:06:10Z,2025-08-11T03:01:00Z,ARR,bad,365.0
15,True,True,HALIFAX,MONTRÉAL,2025-08-10,16,Sayabec,SAYA,2025-08-11T09:41:44Z,2025-08-11T03:23:00Z,ARR,bad,378.0
15,True,True,HALIFAX,MONTRÉAL,2025-08-10,17,Mont-Joli,MJLI,2025-08-11T10:52:06Z,2025-08-11T04:53:00Z,ARR,bad,359.0
15,True,True,HALIFAX,MONTRÉAL,2025-08-10,18,Rimouski,RMSK,2025-08-11T11:29:53Z,2025-08-11T05:24:00Z,ARR,bad,365.0
15,True,True,HALIFAX,MONTRÉAL,2025-08-10,19,Trois Pistoles,TPIS,2025-08-11T12:52:48Z,2025-08-11T06:29:00Z,ARR,bad,383.0
15,True,True,HALIFAX,MONTRÉAL,2025-08-10,20,Rivière-Du-Loup,RDLX,2025-08-11T14:09:51Z,2025-08-11T07:16:00Z,ARR,bad,413.0
15,True,True,HALIFAX,MONTRÉAL,2025-08-10,21,La Pocatière,LPOC,2025-08-11T15:06:45Z,2025-08-11T08:05:00Z,ARR,bad,421.0
15,True,True,HALIFAX,MONTRÉAL,2025-08-10,22,Montmagny,MMGY,2025-08-11T15:35:12Z,2025-08-11T08:39:00Z,ARR,bad,416.0
15,True,True,HALIFAX,MONTRÉAL,2025-08-10,23,Ste-Foy,SFOY,2025-08-11T16:45:04Z,2025-08-11T10:13:00Z,ARR,bad,392.0
15,True,True,HALIFAX,MONTRÉAL,2025-08-10,24,Drummondville,DRMV,2025-08-11T19:26:22Z,2025-08-11T12:20:00Z,ARR,bad,426.0
15,True,True,HALIFAX,MONTRÉAL,2025-08-10,25,St. Hyacinthe,SHYA,2025-08-11T20:02:35Z,2025-08-11T13:00:00Z,ARR,bad,422.0
15,True,True,HALIFAX,MONTRÉAL,2025-08-10,26,St. Lambert,SLAM,2025-08-11T20:47:14Z,2025-08-11T13:34:00Z,ARR,bad,433.0
15,True,True,HALIFAX,MONTRÉAL,2025-08-10,27,Montréal,MTRL,2025-08-11T21:09:59Z,2025-08-11T13:53:00Z,ARR,bad,436.0
693,True,False,WINNIPEG,CHURCHILL,2025-08-10,0,Winnipeg,WNPG,2025-08-10T17:07:42Z,2025-08-10T17:05:00Z,ARR,goo,2.0
693,True,False,WINNIPEG,CHURCHILL,2025-08-10,1,Portage La Prairie,PLPX,2025-08-10T20:00:42Z,2025-08-10T18:15:00Z,ARR,bad,105.0
693,True,False,WINNIPEG,CHURCHILL,2025-08-10,2,Gladstone,GSTO,2025-08-10T20:53:27Z,2025-08-10T19:07:00Z,ARR,bad,106.0
693,True,False,WINNIPEG,CHURCHILL,2025-08-10,3,Plumas,PLUM,2025-08-10T21:24:15Z,2025-08-10T19:44:00Z,ARR,bad,100.0
693,True,False,WINNIPEG,CHURCHILL,2025-08-10,4,Glenella,GLNA,2025-08-10T21:50:20Z,2025-08-10T20:16:00Z,ARR,bad,94.0
693,True,False,WINNIPEG,CHURCHILL,2025-08-10,5,Mccreary,MCCR,2025-08-10T22:38:25Z,2025-08-10T20:57:00Z,ARR,bad,101.0
693,True,False,WINNIPEG,CHURCHILL,2025-08-10,6,Laurier,LRIE,2025-08-10T22:57:38Z,2025-08-10T21:15:00Z,ARR,bad,102.0
693,True,False,WINNIPEG,CHURCHILL,2025-08-10,7,Ochre River,OCHR,2025-08-10T23:17:58Z,2025-08-10T21:36:00Z,ARR,bad,101.0
693,True,False,WINNIPEG,CHURCHILL,2025-08-10,8,Dauphin,DAUP,2025-08-10T23:36:00Z,2025-08-10T21:56:00Z,ARR,bad,100.0
693,True,False,WINNIPEG,CHURCHILL,2025-08-10,9,Gilbert Plains,GLBP,2025-08-11T00:28:25Z,2025-08-10T22:44:00Z,ARR,bad,104.0
693,True,False,WINNIPEG,CHURCHILL,2025-08-10,10,Grandview,GVIE,2025-08-11T00:47:10Z,2025-08-10T23:00:00Z,ARR,bad,107.0
693,True,False,WINNIPEG,CHURCHILL,2025-08-10,11,Roblin,RBLN,2025-08-11T01:53:00Z,2025-08-10T23:55:00Z,ARR,bad,118.0
693,True,False,WINNIPEG,CHURCHILL,2025-08-10,12,Togo,TOGO,2025-08-11T02:23:03Z,2025-08-11T00:22:00Z,ARR,bad,121.0
693,True,False,WINNIPEG,CHURCHILL,2025-08-10,13,Kamsack,KAMS,2025-08-11T02:57:13Z,2025-08-11T00:59:00Z,ARR,bad,118.0
693,True,False,WINNIPEG,CHURCHILL,2025-08-10,14,Veregin,VERE,2025-08-11T03:12:53Z,2025-08-11T01:12:00Z,ARR,bad,120.0
693,True,False,WINNIPEG,CHURCHILL,2025-08-10,15,Mikado,MIKA,2025-08-11T03:23:51Z,2025-08-11T01:22:00Z,ARR,bad,121.0
693,True,False,WINNIPEG,CHURCHILL,2025-08-10,16,Canora,CANO,2025-08-11T03:38:51Z,2025-08-11T01:36:00Z,ARR,bad,122.0
693,True,False,WINNIPEG,CHURCHILL,2025-08-10,17,Sturgis,STGS,2025-08-11T04:48:19Z,2025-08-11T02:21:00Z,ARR,bad,147.0
693,True,False,WINNIPEG,CHURCHILL,2025-08-10,18,Endeavour,ENDV,2025-08-11T05:18:42Z,2025-08-11T02:54:00Z,ARR,bad,144.0
693,True,False,WINNIPEG,CHURCHILL,2025-08-10,19,Reserve,RSRV,2025-08-11T06:07:30Z,2025-08-11T03:34:00Z,ARR,bad,153.0
693,True,False,WINNIPEG,CHURCHILL,2025-08-10,20,Hudson Bay,HBAY,2025-08-11T06:59:50Z,2025-08-11T04:32:00Z,ARR,bad,147.0
693,True,False,WINNIPEG,CHURCHILL,2025-08-10,21,The Pas,TPAS,2025-08-11T09:33:22Z,2025-08-11T06:45:00Z,ARR,bad,168.0
693,True,False,WINNIPEG,CHURCHILL,2025-08-10,22,Orok,OROK,2025-08-11T10:22:29Z,2025-08-11T08:07:00Z,ARR,bad,135.0
693,True,False,WINNIPEG,CHURCHILL,2025-08-10,23,Halcrow,HALC,2025-08-11T11:09:46Z,2025-08-11T09:01:00Z,ARR,bad,128.0
693,True,False,WINNIPEG,CHURCHILL,2025-08-10,24,Cormorant,CORM,2025-08-11T11:20:46Z,2025-08-11T09:12:00Z,ARR,bad,128.0
693,True,False,WINNIPEG,CHURCHILL,2025-08-10,25,Dering,DERI,2025-08-11T11:28:46Z,2025-08-11T09:20:00Z,ARR,bad,128.0
693,True,False,WINNIPEG,CHURCHILL,2025-08-10,26,Dyce,DYCE,2025-08-11T11:58:50Z,2025-08-11T09:59:00Z,ARR,bad,119.0
693,True,False,WINNIPEG,CHURCHILL,2025-08-10,27,Wekusko,WEKU,2025-08-11T12:37:51Z,2025-08-11T10:43:00Z,ARR,bad,114.0
693,True,False,WINNIPEG,CHURCHILL,2025-08-10,28,Turnbull,TURN,2025-08-11T13:01:35Z,2025-08-11T11:10:00Z,ARR,bad,111.0
693,True,False,WINNIPEG,CHURCHILL,2025-08-10,29,Ponton,PNTN,2025-08-11T13:28:59Z,2025-08-11T11:42:00Z,ARR,bad,106.0
693,True,False,WINNIPEG,CHURCHILL,2025-08-10,30,Pipun,PIPN,2025-08-11T14:12:09Z,2025-08-11T12:25:00Z,ARR,bad,107.0
693,True,False,WINNIPEG,CHURCHILL,2025-08-10,31,Wabowden,WBDN,2025-08-11T14:26:04Z,2025-08-11T12:48:00Z,ARR,bad,98.0
693,True,False,WINNIPEG,CHURCHILL,2025-08-10,32,Lyddal,LYDD,2025-08-11T14:56:33Z,2025-08-11T13:16:00Z,ARR,bad,100.0
693,True,False,WINNIPEG,CHURCHILL,2025-08-10,33,Odhill,ODHI,2025-08-11T15:18:05Z,2025-08-11T13:38:00Z,ARR,bad,100.0
693,True,False,WINNIPEG,CHURCHILL,2025-08-10,34,Hockin,HOCK,2025-08-11T15:56:34Z,2025-08-11T14:22:00Z,ARR,bad,94.0
693,True,False,WINNIPEG,CHURCHILL,2025-08-10,35,Thicket Portage,THKP,2025-08-11T16:11:34Z,2025-08-11T14:37:00Z,ARR,bad,94.0
693,True,False,WINNIPEG,CHURCHILL,2025-08-10,36,Leven,LEVN,2025-08-11T16:28:34Z,2025-08-11T14:54:00Z,ARR,bad,94.0
693,True,False,WINNIPEG,CHURCHILL,2025-08-10,37,Thompson,THOM,2025-08-11T20:02:39Z,2025-08-11T17:00:00Z,ARR,bad,182.0
693,True,False,WINNIPEG,CHURCHILL,2025-08-10,38,Sipiwesk,SIPI,2025-08-11T23:30:09Z,2025-08-11T23:35:00Z,ARR,goo,-4.0
693,True,False,WINNIPEG,CHURCHILL,2025-08-10,39,Pikwitonei,PIKW,2025-08-12T00:02:00Z,2025-08-12T00:02:00Z,ARR,goo,0.0
693,True,False,WINNIPEG,CHURCHILL,2025-08-10,40,Bridgar,BRGR,2025-08-12T00:13:00Z,2025-08-12T00:13:00Z,ARR,goo,0.0
693,True,False,WINNIPEG,CHURCHILL,2025-08-10,41,Pit Siding,PITS,2025-08-12T01:35:00Z,2025-08-12T01:35:00Z,ARR,goo,0.0
693,True,False,WINNIPEG,CHURCHILL,2025-08-10,42,Ilford,ILFO,2025-08-12T02:46:39Z,2025-08-12T02:36:00Z,ARR,med,10.0
693,True,False,WINNIPEG,CHURCHILL,2025-08-10,43,Wivenhoe,WVHO,2025-08-12T04:03:20Z,2025-08-12T03:13:00Z,5 mins,bad,50.0
693,True,False,WINNIPEG,CHURCHILL,2025-08-10,44,Gillam,GILL,2025-08-12T04:50:21Z,2025-08-12T04:00:01Z,52 mins,bad,50.0
693,True,False,WINNIPEG,CHURCHILL,2025-08-10,45,Bird,BIRD,2025-08-12T06:19:20Z,2025-08-12T05:29:00Z,2h21,bad,50.0
693,True,False,WINNIPEG,CHURCHILL,2025-08-10,46,Amery,AMRY,2025-08-12T06:42:20Z,2025-08-12T05:52:00Z,2h44,bad,50.0
693,True,False,WINNIPEG,CHURCHILL,2025-08-10,47,Weir River,WEIR,2025-08-12T07:33:20Z,2025-08-12T06:43:00Z,3h35,bad,50.0
693,True,False,WINNIPEG,CHURCHILL,2025-08-10,48,Thibaudeau,THIB,2025-08-12T08:50:20Z,2025-08-12T08:00:00Z,4h52,bad,50.0
693,True,False,WINNIPEG,CHURCHILL,2025-08-10,49,Herchmer,HERC,2025-08-12T10:16:20Z,2025-08-12T09:26:00Z,6h18,bad,50.0
693,True,False,WINNIPEG,CHURCHILL,2025-08-10,50,O'Day,ODAY,2025-08-12T10:55:20Z,2025-08-12T10:05:00Z,6h57,bad,50.0
693,True,False,WINNIPEG,CHURCHILL,2025-08-10,51,M'Clintock,MCLI,2025-08-12T11:40:20Z,2025-08-12T10:50:00Z,7h42,bad,50.0
693,True,False,WINNIPEG,CHURCHILL,2025-08-10,52,Chesnaye,CHES,2025-08-12T12:56:20Z,2025-08-12T12:06:00Z,8h58,bad,50.0
693,True,False,WINNIPEG,CHURCHILL,2025-08-10,53,Tidal,TIDL,2025-08-12T14:27:20Z,2025-08-12T13:37:00Z,10h29,bad,50.0
693,True,False,WINNIPEG,CHURCHILL,2025-08-10,54,Churchill,CHUR,2025-08-12T14:50:20Z,2025-08-12T14:00:00Z,10h52,bad,50.0
5,True,False,JASPER,PRINCE RUPERT,2025-08-10,0,Jasper,JASP,2025-08-10T16:45:00Z,2025-08-10T16:45:00Z,ARR,goo,0.0
5,True,False,JASPER,PRINCE RUPERT,2025-08-10,1,Harvey,HRVY,2025-08-10T18:43:25Z,2025-08-10T18:38:00Z,ARR,med,5.0
5,True,False,JASPER,PRINCE RUPERT,2025-08-10,2,Dunster,DNST,2025-08-10T19:15:02Z,2025-08-10T19:12:00Z,ARR,goo,3.0
5,True,False,JASPER,PRINCE RUPERT,2025-08-10,3,Mcbride,MCBR,2025-08-10T19:46:45Z,2025-08-10T19:44:00Z,ARR,goo,2.0
5,True,False,JASPER,PRINCE RUPERT,2025-08-10,4,Goat River,GOAT,2025-08-10T20:40:07Z,2025-08-10T20:41:00Z,ARR,goo,0.0
5,True,False,JASPER,PRINCE RUPERT,2025-08-10,5,Loos,LOOS,2025-08-10T20:53:34Z,2025-08-10T20:58:00Z,ARR,goo,-4.0
5,True,False,JASPER,PRINCE RUPERT,2025-08-10,6,Dome Creek,DOMC,2025-08-10T21:32:05Z,2025-08-10T21:32:00Z,ARR,goo,0.0
5,True,False,JASPER,PRINCE RUPERT,2025-08-10,7,Bend,BEND,2025-08-10T21:34:05Z,2025-08-10T21:36:00Z,ARR,goo,-1.0
5,True,False,JASPER,PRINCE RUPERT,2025-08-10,8,Penny,PENN,2025-08-10T21:56:08Z,2025-08-10T21:56:00Z,ARR,goo,0.0
5,True,False,JASPER,PRINCE RUPERT,2025-08-10,9,Longworth,LWTH,2025-08-10T22:08:10Z,2025-08-10T22:11:00Z,ARR,goo,-2.0
5,True,False,JASPER,PRINCE RUPERT,2025-08-10,10,Hutton,HUTT,2025-08-10T22:18:32Z,2025-08-10T22:24:00Z,ARR,goo,-5.0
5,True,False,JASPER,PRINCE RUPERT,2025-08-10,11,Sinclair Mills,SINM,2025-08-10T22:30:00Z,2025-08-10T22:30:00Z,ARR,goo,0.0
5,True,False,JASPER,PRINCE RUPERT,2025-08-10,12,Mcgregor,MCGR,2025-08-10T22:39:02Z,2025-08-10T22:43:00Z,ARR,goo,-3.0
5,True,False,JASPER,PRINCE RUPERT,2025-08-10,13,Upper Fraser,UFRZ,2025-08-10T22:52:00Z,2025-08-10T22:52:00Z,ARR,goo,0.0
5,True,False,JASPER,PRINCE RUPERT,2025-08-10,14,Aleza Lake,ALZL,2025-08-10T22:50:56Z,2025-08-10T23:01:00Z,ARR,goo,-10.0
5,True,False,JASPER,PRINCE RUPERT,2025-08-10,15,Willow River,WILR,2025-08-10T23:12:49Z,2025-08-10T23:31:00Z,ARR,goo,-18.0
5,True,False,JASPER,PRINCE RUPERT,2025-08-10,16,Prince George,PGEO,2025-08-10T23:41:02Z,2025-08-11T00:08:00Z,ARR,goo,-26.0
5,True,False,JASPER,PRINCE RUPERT,2025-08-10,17,Vanderhoof,VDRH,2025-08-11T16:46:57Z,2025-08-11T16:55:00Z,ARR,goo,-8.0
5,True,False,JASPER,PRINCE RUPERT,2025-08-10,18,Fort Fraser,FFRA,2025-08-11T17:35:35Z,2025-08-11T17:32:00Z,ARR,goo,3.0
5,True,False,JASPER,PRINCE RUPERT,2025-08-10,19,Endako,ENDA,2025-08-11T18:03:12Z,2025-08-11T17:50:00Z,ARR,med,13.0
5,True,False,JASPER,PRINCE RUPERT,2025-08-10,20,Burns Lake,BRNL,2025-08-11T19:26:59Z,2025-08-11T18:58:00Z,ARR,bad,28.0
5,True,False,JASPER,PRINCE RUPERT,2025-08-10,21,Houston,HOUS,2025-08-11T21:07:17Z,2025-08-11T20:08:00Z,ARR,bad,59.0
5,True,False,JASPER,PRINCE RUPERT,2025-08-10,22,Telkwa,TELK,2025-08-11T21:49:17Z,2025-08-11T20:52:00Z,ARR,bad,57.0
5,True,False,JASPER,PRINCE RUPERT,2025-08-10,23,Smithers,SMTR,2025-08-11T22:10:43Z,2025-08-11T21:10:00Z,ARR,bad,60.0
5,True,False,JASPER,PRINCE RUPERT,2025-08-10,24,New Hazelton,NHAZ,2025-08-11T23:29:06Z,2025-08-11T22:37:00Z,ARR,bad,52.0
5,True,False,JASPER,PRINCE RUPERT,2025-08-10,25,Kitwanga,KITW,2025-08-12T00:13:33Z,2025-08-11T23:27:00Z,ARR,bad,46.0
5,True,False,JASPER,PRINCE RUPERT,2025-08-10,26,Cedarvale,CEDA,2025-08-12T00:31:28Z,2025-08-11T23:51:00Z,ARR,bad,40.0
5,True,False,JASPER,PRINCE RUPERT,2025-08-10,27,Dorreen,DORR,2025-08-12T00:50:09Z,2025-08-12T00:12:00Z,ARR,bad,38.0
5,True,False,JASPER,PRINCE RUPERT,2025-08-10,28,Pacific,PACI,2025-08-12T00:57:40Z,2025-08-12T00:21:00Z,ARR,bad,36.0
5,True,False,JASPER,PRINCE RUPERT,2025-08-10,29,Usk,USKX,2025-08-12T01:12:52Z,2025-08-12T00:40:00Z,ARR,bad,32.0
5,True,False,JASPER,PRINCE RUPERT,2025-08-10,30,Terrace,TRRC,2025-08-12T01:29:34Z,2025-08-12T01:00:00Z,ARR,bad,29.0
5,True,False,JASPER,PRINCE RUPERT,2025-08-10,31,Kwinitsa,KWIN,2025-08-12T02:37:31Z,2025-08-12T02:09:00Z,ARR,bad,28.0
5,True,False,JASPER,PRINCE RUPERT,2025-08-10,32,Cassiar Cannery,CASS,2025-08-12T03:26:47Z,2025-08-12T02:45:00Z,ARR,bad,41.0
5,True,False,JASPER,PRINCE RUPERT,2025-08-10,33,Prince Rupert,PRUP,2025-08-12T04:09:24Z,2025-08-12T03:25:00Z,11 mins,bad,44.0
14,True,False,MONTRÉAL,HALIFAX,2025-08-10,0,Montréal,MTRL,2025-08-11T01:38:34Z,2025-08-10T22:30:00Z,ARR,bad,188.0
14,True,False,MONTRÉAL,HALIFAX,2025-08-10,1,St. Lambert,SLAM,2025-08-11T01:53:01Z,2025-08-10T22:45:00Z,ARR,bad,188.0
14,True,False,MONTRÉAL,HALIFAX,2025-08-10,2,St. Hyacinthe,SHYA,2025-08-11T02:32:30Z,2025-08-10T23:23:00Z,ARR,bad,189.0
14,True,False,MONTRÉAL,HALIFAX,2025-08-10,3,Drummondville,DRMV,2025-08-11T03:13:58Z,2025-08-11T00:04:00Z,ARR,bad,189.0
14,True,False,MONTRÉAL,HALIFAX,2025-08-10,4,Ste-Foy,SFOY,2025-08-11T05:00:41Z,2025-08-11T01:48:00Z,ARR,bad,192.0
14,True,False,MONTRÉAL,HALIFAX,2025-08-10,5,Montmagny,MMGY,2025-08-11T06:39:35Z,2025-08-11T03:17:00Z,ARR,bad,202.0
14,True,False,MONTRÉAL,HALIFAX,2025-08-10,6,La Pocatière,LPOC,2025-08-11T07:13:51Z,2025-08-11T03:50:00Z,ARR,bad,203.0
14,True,False,MONTRÉAL,HALIFAX,2025-08-10,7,Rivière-Du-Loup,RDLX,2025-08-11T08:00:07Z,2025-08-11T04:31:00Z,ARR,bad,209.0
14,True,False,MONTRÉAL,HALIFAX,2025-08-10,8,Trois Pistoles,TPIS,2025-08-11T08:40:24Z,2025-08-11T05:17:00Z,ARR,bad,203.0
14,True,False,MONTRÉAL,HALIFAX,2025-08-10,9,Rimouski,RMSK,2025-08-11T09:40:01Z,2025-08-11T06:25:00Z,ARR,bad,195.0
14,True,False,MONTRÉAL,HALIFAX,2025-08-10,10,Mont-Joli,MJLI,2025-08-11T10:17:27Z,2025-08-11T07:03:00Z,ARR,bad,194.0
14,True,False,MONTRÉAL,HALIFAX,2025-08-10,11,Sayabec,SAYA,2025-08-11T11:53:10Z,2025-08-11T08:06:00Z,ARR,bad,227.0
14,True,False,MONTRÉAL,HALIFAX,2025-08-10,12,Amqui,AMQU,2025-08-11T12:27:16Z,2025-08-11T08:27:00Z,ARR,bad,240.0
14,True,False,MONTRÉAL,HALIFAX,2025-08-10,13,Causapscal,CAUS,2025-08-11T13:00:02Z,2025-08-11T08:49:00Z,ARR,bad,251.0
14,True,False,MONTRÉAL,HALIFAX,2025-08-10,14,Matapedia,MTPD,2025-08-11T13:54:57Z,2025-08-11T09:35:00Z,ARR,bad,259.0
14,True,False,MONTRÉAL,HALIFAX,2025-08-10,15,Campbellton,CBTN,2025-08-11T14:33:23Z,2025-08-11T10:20:00Z,ARR,bad,253.0
14,True,False,MONTRÉAL,HALIFAX,2025-08-10,16,Charlo,CHLO,2025-08-11T16:47:36Z,2025-08-11T11:03:00Z,ARR,bad,344.0
14,True,False,MONTRÉAL,HALIFAX,2025-08-10,17,Jacquet River,JACR,2025-08-11T17:40:33Z,2025-08-11T11:26:00Z,ARR,bad,374.0
14,True,False,MONTRÉAL,HALIFAX,2025-08-10,18,Petit Rocher,PROC,2025-08-11T18:23:58Z,2025-08-11T11:48:00Z,ARR,bad,395.0
14,True,False,MONTRÉAL,HALIFAX,2025-08-10,19,Bathurst,BTRS,2025-08-11T18:53:13Z,2025-08-11T12:36:00Z,ARR,bad,377.0
14,True,False,MONTRÉAL,HALIFAX,2025-08-10,20,Miramichi,MIRA,2025-08-11T20:48:21Z,2025-08-11T14:25:00Z,ARR,bad,383.0
14,True,False,MONTRÉAL,HALIFAX,2025-08-10,21,Rogersville,RGRV,2025-08-11T21:44:12Z,2025-08-11T15:20:00Z,ARR,bad,384.0
14,True,False,MONTRÉAL,HALIFAX,2025-08-10,22,Moncton,MCTN,2025-08-11T23:41:37Z,2025-08-11T16:30:00Z,ARR,bad,431.0
14,True,False,MONTRÉAL,HALIFAX,2025-08-10,23,Sackville,SACK,2025-08-12T00:55:07Z,2025-08-11T17:40:00Z,ARR,bad,435.0
14,True,False,MONTRÉAL,HALIFAX,2025-08-10,24,Amherst,AMHS,2025-08-12T01:13:29Z,2025-08-11T17:55:00Z,ARR,bad,438.0
14,True,False,MONTRÉAL,HALIFAX,2025-08-10,25,Springhill Jct,SPRJ,2025-08-12T01:37:54Z,2025-08-11T18:17:00Z,ARR,bad,440.0
14,True,False,MONTRÉAL,HALIFAX,2025-08-10,26,Truro,TRUR,2025-08-12T02:57:20Z,2025-08-11T19:32:00Z,ARR,bad,445.0
14,True,False,MONTRÉAL,HALIFAX,2025-08-10,27,Halifax,HLFX,2025-08-12T04:30:52Z,2025-08-11T21:36:00Z,32 mins,bad,414.0
20,True,True,MONTRÉAL,QUÉBEC,2025-08-11,0,Montréal,MTRL,2025-08-11T10:38:00Z,2025-08-11T10:25:00Z,ARR,med,13.0
20,True,True,MONTRÉAL,QUÉBEC,2025-08-11,1,St. Lambert,SLAM,2025-08-11T10:52:39Z,2025-08-11T10:38:00Z,ARR,med,14.0
20,True,True,MONTRÉAL,QUÉBEC,2025-08-11,2,St. Hyacinthe,SHYA,2025-08-11T11:24:29Z,2025-08-11T11:06:00Z,ARR,bad,18.0
20,True,True,MONTRÉAL,QUÉBEC,2025-08-11,3,Drummondville,DRMV,2025-08-11T12:23:03Z,2025-08-11T11:43:00Z,ARR,bad,40.0
20,True,True,MONTRÉAL,QUÉBEC,2025-08-11,4,Ste-Foy,SFOY,2025-08-11T14:03:46Z,2025-08-11T13:25:00Z,ARR,bad,38.0
20,True,True,MONTRÉAL,QUÉBEC,2025-08-11,5,Québec,QBEC,2025-08-11T14:30:48Z,2025-08-11T13:52:00Z,ARR,bad,38.0
24,True,True,OTTAWA,QUÉBEC,2025-08-11,0,Ottawa,OTTW,2025-08-11T14:13:00Z,2025-08-11T14:13:00Z,ARR,goo,0.0
24,True,True,OTTAWA,QUÉBEC,2025-08-11,1,Alexandria,ALEX,2025-08-11T14:58:21Z,2025-08-11T15:03:00Z,ARR,goo,-4.0
24,True,True,OTTAWA,QUÉBEC,2025-08-11,2,Coteau,COTO,2025-08-11T15:24:24Z,2025-08-11T15:26:00Z,ARR,goo,-1.0
24,True,True,OTTAWA,QUÉBEC,2025-08-11,3,Dorval,DORV,2025-08-11T16:04:53Z,2025-08-11T15:50:00Z,ARR,med,14.0
24,True,True,OTTAWA,QUÉBEC,2025-08-11,4,Montréal,MTRL,2025-08-11T16:29:03Z,2025-08-11T16:15:00Z,ARR,med,14.0
24,True,True,OTTAWA,QUÉBEC,2025-08-11,5,St. Lambert,SLAM,2025-08-11T17:13:01Z,2025-08-11T16:58:00Z,ARR,bad,15.0
24,True,True,OTTAWA,QUÉBEC,2025-08-11,6,St. Hyacinthe,SHYA,2025-08-11T17:58:19Z,2025-08-11T17:26:00Z,ARR,bad,32.0
24,True,True,OTTAWA,QUÉBEC,2025-08-11,7,Drummondville,DRMV,2025-08-11T18:38:21Z,2025-08-11T17:54:00Z,ARR,bad,44.0
24,True,True,OTTAWA,QUÉBEC,2025-08-11,8,Charny,CHNY,2025-08-11T20:38:55Z,2025-08-11T19:38:00Z,ARR,bad,60.0
24,True,True,OTTAWA,QUÉBEC,2025-08-11,9,Ste-Foy,SFOY,2025-08-11T20:47:07Z,2025-08-11T19:45:00Z,ARR,bad,62.0
24,True,True,OTTAWA,QUÉBEC,2025-08-11,10,Québec,QBEC,2025-08-11T21:20:40Z,2025-08-11T20:12:00Z,ARR,bad,68.0
22,True,True,OTTAWA,QUÉBEC,2025-08-11,0,Ottawa,OTTW,2025-08-11T10:07:00Z,2025-08-11T10:07:00Z,ARR,goo,0.0
22,True,True,OTTAWA,QUÉBEC,2025-08-11,1,Casselman,CSLM,2025-08-11T10:31:32Z,2025-08-11T10:33:00Z,ARR,goo,-1.0
22,True,True,OTTAWA,QUÉBEC,2025-08-11,2,Alexandria,ALEX,2025-08-11T10:54:19Z,2025-08-11T10:55:00Z,ARR,goo,0.0
22,True,True,OTTAWA,QUÉBEC,2025-08-11,3,Coteau,COTO,2025-08-11T11:15:36Z,2025-08-11T11:23:00Z,ARR,goo,-7.0
22,True,True,OTTAWA,QUÉBEC,2025-08-11,4,Dorval,DORV,2025-08-11T11:45:45Z,2025-08-11T11:47:00Z,ARR,goo,-1.0
22,True,True,OTTAWA,QUÉBEC,2025-08-11,5,Montréal,MTRL,2025-08-11T12:10:34Z,2025-08-11T12:11:00Z,ARR,goo,0.0
22,True,True,OTTAWA,QUÉBEC,2025-08-11,6,St. Lambert,SLAM,2025-08-11T13:03:26Z,2025-08-11T12:49:00Z,ARR,med,14.0
22,True,True,OTTAWA,QUÉBEC,2025-08-11,7,St. Hyacinthe,SHYA,2025-08-11T13:35:52Z,2025-08-11T13:16:00Z,ARR,bad,19.0
22,True,True,OTTAWA,QUÉBEC,2025-08-11,8,Drummondville,DRMV,2025-08-11T14:24:58Z,2025-08-11T13:44:00Z,ARR,bad,40.0
22,True,True,OTTAWA,QUÉBEC,2025-08-11,9,Ste-Foy,SFOY,2025-08-11T16:07:22Z,2025-08-11T15:19:00Z,ARR,bad,48.0
22,True,True,OTTAWA,QUÉBEC,2025-08-11,10,Québec,QBEC,2025-08-11T16:39:48Z,2025-08-11T15:47:00Z,ARR,bad,52.0
37,True,True,QUÉBEC,OTTAWA,2025-08-11,0,Québec,QBEC,2025-08-11T16:38:51Z,2025-08-11T16:32:00Z,ARR,med,6.0
37,True,True,QUÉBEC,OTTAWA,2025-08-11,1,Ste-Foy,SFOY,2025-08-11T17:16:04Z,2025-08-11T16:57:00Z,ARR,bad,19.0
37,True,True,QUÉBEC,OTTAWA,2025-08-11,2,Drummondville,DRMV,2025-08-11T19:16:57Z,2025-08-11T18:44:00Z,ARR,bad,32.0
37,True,True,QUÉBEC,OTTAWA,2025-08-11,3,St. Hyacinthe,SHYA,2025-08-11T19:54:38Z,2025-08-11T19:12:00Z,ARR,bad,42.0
37,True,True,QUÉBEC,OTTAWA,2025-08-11,4,St. Lambert,SLAM,2025-08-11T20:38:19Z,2025-08-11T19:39:00Z,ARR,bad,59.0
37,True,True,QUÉBEC,OTTAWA,2025-08-11,5,Montréal,MTRL,2025-08-11T20:57:37Z,2025-08-11T19:54:00Z,ARR,bad,63.0
37,True,True,QUÉBEC,OTTAWA,2025-08-11,6,Dorval,DORV,2025-08-11T21:52:00Z,2025-08-11T20:54:00Z,ARR,bad,58.0
37,True,True,QUÉBEC,OTTAWA,2025-08-11,7,Coteau,COTO,2025-08-11T22:44:50Z,2025-08-11T21:23:00Z,ARR,bad,81.0
37,True,True,QUÉBEC,OTTAWA,2025-08-11,8,Alexandria,ALEX,2025-08-11T23:06:38Z,2025-08-11T21:45:00Z,ARR,bad,81.0
37,True,True,QUÉBEC,OTTAWA,2025-08-11,9,Ottawa,OTTW,2025-08-11T23:52:18Z,2025-08-11T22:37:00Z,ARR,bad,75.0
41,True,True,OTTAWA,TORONTO,2025-08-11,0,Ottawa,OTTW,2025-08-11T09:21:00Z,2025-08-11T09:21:00Z,ARR,goo,0.0
41,True,True,OTTAWA,TORONTO,2025-08-11,1,Fallowfield,FALL,2025-08-11T09:36:29Z,2025-08-11T09:38:00Z,ARR,goo,-1.0
41,True,True,OTTAWA,TORONTO,2025-08-11,2,Smiths Falls,SMTF,2025-08-11T10:06:09Z,2025-08-11T10:08:00Z,ARR,goo,-1.0
41,True,True,OTTAWA,TORONTO,2025-08-11,3,Brockville,BRKV,2025-08-11T10:40:24Z,2025-08-11T10:40:00Z,ARR,goo,0.0
41,True,True,OTTAWA,TORONTO,2025-08-11,4,Kingston,KGON,2025-08-11T11:32:34Z,2025-08-11T11:25:00Z,ARR,med,7.0
41,True,True,OTTAWA,TORONTO,2025-08-11,5,Napanee,NAPN,2025-08-11T11:58:46Z,2025-08-11T11:49:00Z,ARR,med,9.0
41,True,True,OTTAWA,TORONTO,2025-08-11,6,Belleville,BLVL,2025-08-11T12:25:10Z,2025-08-11T12:07:00Z,ARR,bad,18.0
41,True,True,OTTAWA,TORONTO,2025-08-11,7,Trenton Jct.,TRNJ,2025-08-11T12:42:05Z,2025-08-11T12:20:00Z,ARR,bad,22.0
41,True,True,OTTAWA,TORONTO,2025-08-11,8,Cobourg,CBRG,2025-08-11T13:14:53Z,2025-08-11T12:44:00Z,ARR,bad,30.0
41,True,True,OTTAWA,TORONTO,2025-08-11,9,Oshawa,OSHA,2025-08-11T13:55:59Z,2025-08-11T13:19:00Z,ARR,bad,36.0
41,True,True,OTTAWA,TORONTO,2025-08-11,10,Toronto,TRTO,2025-08-11T14:34:30Z,2025-08-11T14:02:00Z,ARR,bad,32.0
50,True,True,TORONTO,OTTAWA,2025-08-11,0,Toronto,TRTO,2025-08-11T10:32:00Z,2025-08-11T10:32:00Z,ARR,goo,0.0
50,True,True,TORONTO,OTTAWA,2025-08-11,1,Guildwood,GUIL,2025-08-11T10:48:35Z,2025-08-11T10:50:00Z,ARR,goo,-1.0
50,True,True,TORONTO,OTTAWA,2025-08-11,2,Oshawa,OSHA,2025-08-11T11:07:53Z,2025-08-11T11:08:00Z,ARR,goo,0.0
50,True,True,TORONTO,OTTAWA,2025-08-11,3,Cobourg,CBRG,2025-08-11T11:48:56Z,2025-08-11T11:43:00Z,ARR,med,5.0
50,True,True,TORONTO,OTTAWA,2025-08-11,4,Belleville,BLVL,2025-08-11T12:24:46Z,2025-08-11T12:18:00Z,ARR,med,6.0
50,True,True,TORONTO,OTTAWA,2025-08-11,5,Kingston,KGON,2025-08-11T13:06:07Z,2025-08-11T12:57:00Z,ARR,med,9.0
50,True,True,TORONTO,OTTAWA,2025-08-11,6,Brockville,BRKV,2025-08-11T14:34:05Z,2025-08-11T13:54:00Z,ARR,bad,40.0
50,True,True,TORONTO,OTTAWA,2025-08-11,7,Smiths Falls,SMTF,2025-08-11T15:08:18Z,2025-08-11T14:29:00Z,ARR,bad,39.0
50,True,True,TORONTO,OTTAWA,2025-08-11,8,Fallowfield,FALL,2025-08-11T15:35:16Z,2025-08-11T15:01:00Z,ARR,bad,34.0
50,True,True,TORONTO,OTTAWA,2025-08-11,9,Ottawa,OTTW,2025-08-11T16:05:08Z,2025-08-11T15:21:00Z,ARR,bad,44.0
52,True,True,TORONTO,OTTAWA,2025-08-11,0,Toronto,TRTO,2025-08-11T12:32:00Z,2025-08-11T12:32:00Z,ARR,goo,0.0
52,True,True,TORONTO,OTTAWA,2025-08-11,1,Guildwood,GUIL,2025-08-11T12:48:31Z,2025-08-11T12:50:00Z,ARR,goo,-1.0
52,True,True,TORONTO,OTTAWA,2025-08-11,2,Oshawa,OSHA,2025-08-11T13:11:26Z,2025-08-11T13:09:00Z,ARR,goo,2.0
52,True,True,TORONTO,OTTAWA,2025-08-11,3,Cobourg,CBRG,2025-08-11T13:47:21Z,2025-08-11T13:44:00Z,ARR,goo,3.0
52,True,True,TORONTO,OTTAWA,2025-08-11,4,Belleville,BLVL,2025-08-11T14:20:55Z,2025-08-11T14:20:00Z,ARR,goo,0.0
52,True,True,TORONTO,OTTAWA,2025-08-11,5,Kingston,KGON,2025-08-11T15:05:26Z,2025-08-11T15:00:00Z,ARR,med,5.0
52,True,True,TORONTO,OTTAWA,2025-08-11,6,Brockville,BRKV,2025-08-11T16:14:18Z,2025-08-11T15:57:00Z,ARR,bad,17.0
52,True,True,TORONTO,OTTAWA,2025-08-11,7,Smiths Falls,SMTF,2025-08-11T16:59:43Z,2025-08-11T16:35:00Z,ARR,bad,24.0
52,True,True,TORONTO,OTTAWA,2025-08-11,8,Fallowfield,FALL,2025-08-11T17:25:56Z,2025-08-11T17:11:00Z,ARR,med,14.0
52,True,True,TORONTO,OTTAWA,2025-08-11,9,Ottawa,OTTW,2025-08-11T17:45:12Z,2025-08-11T17:32:00Z,ARR,med,13.0
53,True,True,OTTAWA,TORONTO,2025-08-11,0,Ottawa,OTTW,2025-08-11T15:43:41Z,2025-08-11T15:43:00Z,ARR,goo,0.0
53,True,True,OTTAWA,TORONTO,2025-08-11,1,Fallowfield,FALL,2025-08-11T16:00:03Z,2025-08-11T16:00:00Z,ARR,goo,0.0
53,True,True,OTTAWA,TORONTO,2025-08-11,2,Brockville,BRKV,2025-08-11T16:56:37Z,2025-08-11T17:01:00Z,ARR,goo,-4.0
53,True,True,OTTAWA,TORONTO,2025-08-11,3,Gananoque,GANA,2025-08-11T17:33:45Z,2025-08-11T17:31:00Z,ARR,goo,2.0
53,True,True,OTTAWA,TORONTO,2025-08-11,4,Kingston,KGON,2025-08-11T17:55:48Z,2025-08-11T17:54:00Z,ARR,goo,1.0
53,True,True,OTTAWA,TORONTO,2025-08-11,5,Belleville,BLVL,2025-08-11T18:49:43Z,2025-08-11T18:36:00Z,ARR,med,13.0
53,True,True,OTTAWA,TORONTO,2025-08-11,6,Cobourg,CBRG,2025-08-11T19:29:38Z,2025-08-11T19:12:00Z,ARR,bad,17.0
53,True,True,OTTAWA,TORONTO,2025-08-11,7,Oshawa,OSHA,2025-08-11T20:04:20Z,2025-08-11T19:48:00Z,ARR,bad,16.0
53,True,True,OTTAWA,TORONTO,2025-08-11,8,Toronto,TRTO,2025-08-11T20:47:35Z,2025-08-11T20:33:00Z,ARR,med,14.0
60,True,True,TORONTO,MONTRÉAL,2025-08-11,0,Toronto,TRTO,2025-08-11T10:32:00Z,2025-08-11T10:32:00Z,ARR,goo,0.0
60,True,True,TORONTO,MONTRÉAL,2025-08-11,1,Guildwood,GUIL,2025-08-11T10:48:28Z,2025-08-11T10:50:00Z,ARR,goo,-1.0
60,True,True,TORONTO,MONTRÉAL,2025-08-11,2,Oshawa,OSHA,2025-08-11T11:07:51Z,2025-08-11T11:08:00Z,ARR,goo,0.0
60,True,True,TORONTO,MONTRÉAL,2025-08-11,3,Cobourg,CBRG,2025-08-11T11:48:36Z,2025-08-11T11:43:00Z,ARR,med,5.0
60,True,True,TORONTO,MONTRÉAL,2025-08-11,4,Belleville,BLVL,2025-08-11T12:24:44Z,2025-08-11T12:18:00Z,ARR,med,6.0
60,True,True,TORONTO,MONTRÉAL,2025-08-11,5,Kingston,KGON,2025-08-11T13:06:03Z,2025-08-11T12:57:00Z,ARR,med,9.0
60,True,True,TORONTO,MONTRÉAL,2025-08-11,6,Cornwall,CWLL,2025-08-11T15:00:10Z,2025-08-11T14:38:00Z,ARR,bad,22.0
60,True,True,TORONTO,MONTRÉAL,2025-08-11,7,Dorval,DORV,2025-08-11T16:13:04Z,2025-08-11T15:25:00Z,ARR,bad,48.0
60,True,True,TORONTO,MONTRÉAL,2025-08-11,8,Montréal,MTRL,2025-08-11T16:37:57Z,2025-08-11T15:50:00Z,ARR,bad,47.0
61,True,True,MONTRÉAL,TORONTO,2025-08-11,0,Montréal,MTRL,2025-08-11T10:45:00Z,2025-08-11T10:45:00Z,ARR,goo,0.0
61,True,True,MONTRÉAL,TORONTO,2025-08-11,1,Dorval,DORV,2025-08-11T11:09:56Z,2025-08-11T11:08:00Z,ARR,goo,1.0
61,True,True,MONTRÉAL,TORONTO,2025-08-11,2,Cornwall,CWLL,2025-08-11T12:12:24Z,2025-08-11T12:01:00Z,ARR,med,11.0
61,True,True,MONTRÉAL,TORONTO,2025-08-11,3,Kingston,KGON,2025-08-11T13:49:37Z,2025-08-11T13:29:00Z,ARR,bad,20.0
61,True,True,MONTRÉAL,TORONTO,2025-08-11,4,Belleville,BLVL,2025-08-11T14:38:44Z,2025-08-11T14:11:00Z,ARR,bad,27.0
61,True,True,MONTRÉAL,TORONTO,2025-08-11,5,Oshawa,OSHA,2025-08-11T16:02:23Z,2025-08-11T15:19:00Z,ARR,bad,43.0
61,True,True,MONTRÉAL,TORONTO,2025-08-11,6,Guildwood,GUIL,2025-08-11T16:26:01Z,2025-08-11T15:43:00Z,ARR,bad,43.0
61,True,True,MONTRÉAL,TORONTO,2025-08-11,7,Toronto,TRTO,2025-08-11T16:45:35Z,2025-08-11T16:03:00Z,ARR,bad,42.0
64,True,True,TORONTO,MONTRÉAL,2025-08-11,0,Toronto,TRTO,2025-08-11T15:38:18Z,2025-08-11T15:38:00Z,ARR,goo,0.0
64,True,True,TORONTO,MONTRÉAL,2025-08-11,1,Guildwood,GUIL,2025-08-11T15:54:21Z,2025-08-11T15:55:00Z,ARR,goo,0.0
64,True,True,TORONTO,MONTRÉAL,2025-08-11,2,Oshawa,OSHA,2025-08-11T16:19:42Z,2025-08-11T16:09:00Z,ARR,med,10.0
64,True,True,TORONTO,MONTRÉAL,2025-08-11,3,Cobourg,CBRG,2025-08-11T16:58:36Z,2025-08-11T16:46:00Z,ARR,med,12.0
64,True,True,TORONTO,MONTRÉAL,2025-08-11,4,Belleville,BLVL,2025-08-11T17:44:03Z,2025-08-11T17:22:00Z,ARR,bad,22.0
64,True,True,TORONTO,MONTRÉAL,2025-08-11,5,Kingston,KGON,2025-08-11T18:34:29Z,2025-08-11T18:03:00Z,ARR,bad,31.0
64,True,True,TORONTO,MONTRÉAL,2025-08-11,6,Brockville,BRKV,2025-08-11T19:26:08Z,2025-08-11T18:52:00Z,ARR,bad,34.0
64,True,True,TORONTO,MONTRÉAL,2025-08-11,7,Cornwall,CWLL,2025-08-11T21:10:58Z,2025-08-11T19:42:00Z,ARR,bad,88.0
64,True,True,TORONTO,MONTRÉAL,2025-08-11,8,Dorval,DORV,2025-08-11T22:48:29Z,2025-08-11T20:37:00Z,ARR,bad,131.0
64,True,True,TORONTO,MONTRÉAL,2025-08-11,9,Montréal,MTRL,2025-08-11T23:22:58Z,2025-08-11T21:05:00Z,ARR,bad,137.0
65,True,True,MONTRÉAL,TORONTO,2025-08-11,0,Montréal,MTRL,2025-08-11T14:49:00Z,2025-08-11T14:49:00Z,ARR,goo,0.0
65,True,True,MONTRÉAL,TORONTO,2025-08-11,1,Dorval,DORV,2025-08-11T15:15:01Z,2025-08-11T15:12:00Z,ARR,goo,3.0
65,True,True,MONTRÉAL,TORONTO,2025-08-11,2,Cornwall,CWLL,2025-08-11T16:47:08Z,2025-08-11T16:06:00Z,ARR,bad,41.0
65,True,True,MONTRÉAL,TORONTO,2025-08-11,3,Kingston,KGON,2025-08-11T19:13:59Z,2025-08-11T17:36:00Z,ARR,bad,97.0
65,True,True,MONTRÉAL,TORONTO,2025-08-11,4,Belleville,BLVL,2025-08-11T20:14:44Z,2025-08-11T18:20:00Z,ARR,bad,114.0
65,True,True,MONTRÉAL,TORONTO,2025-08-11,5,Cobourg,CBRG,2025-08-11T20:56:01Z,2025-08-11T18:58:00Z,ARR,bad,118.0
65,True,True,MONTRÉAL,TORONTO,2025-08-11,6,Oshawa,OSHA,2025-08-11T21:30:45Z,2025-08-11T19:34:00Z,ARR,bad,116.0
65,True,True,MONTRÉAL,TORONTO,2025-08-11,7,Toronto,TRTO,2025-08-11T22:44:49Z,2025-08-11T20:18:00Z,ARR,bad,146.0
67,True,True,MONTRÉAL,TORONTO,2025-08-11,0,Montréal,MTRL,2025-08-11T17:22:00Z,2025-08-11T17:22:00Z,ARR,goo,0.0
67,True,True,MONTRÉAL,TORONTO,2025-08-11,1,Dorval,DORV,2025-08-11T17:50:33Z,2025-08-11T17:47:00Z,ARR,goo,3.0
67,True,True,MONTRÉAL,TORONTO,2025-08-11,2,Cornwall,CWLL,2025-08-11T19:16:49Z,2025-08-11T18:38:00Z,ARR,bad,38.0
67,True,True,MONTRÉAL,TORONTO,2025-08-11,3,Kingston,KGON,2025-08-11T22:14:41Z,2025-08-11T20:03:00Z,ARR,bad,131.0
67,True,True,MONTRÉAL,TORONTO,2025-08-11,4,Belleville,BLVL,2025-08-11T23:10:45Z,2025-08-11T20:42:00Z,ARR,bad,148.0
67,True,True,MONTRÉAL,TORONTO,2025-08-11,5,Cobourg,CBRG,2025-08-11T23:49:09Z,2025-08-11T21:17:00Z,ARR,bad,152.0
67,True,True,MONTRÉAL,TORONTO,2025-08-11,6,Oshawa,OSHA,2025-08-12T00:22:58Z,2025-08-11T21:50:00Z,ARR,bad,152.0
67,True,True,MONTRÉAL,TORONTO,2025-08-11,7,Toronto,TRTO,2025-08-12T01:07:52Z,2025-08-11T22:45:00Z,ARR,bad,142.0
70,True,True,WINDSOR,TORONTO,2025-08-11,0,Windsor,WDON,2025-08-11T09:35:00Z,2025-08-11T09:35:00Z,ARR,goo,0.0
70,True,True,WINDSOR,TORONTO,2025-08-11,1,Chatham,CHAT,2025-08-11T10:18:31Z,2025-08-11T10:19:00Z,ARR,goo,0.0
70,True,True,WINDSOR,TORONTO,2025-08-11,2,London,LNDN,2025-08-11T11:34:57Z,2025-08-11T11:25:00Z,ARR,med,9.0
70,True,True,WINDSOR,TORONTO,2025-08-11,3,Ingersoll,INGR,2025-08-11T12:02:40Z,2025-08-11T11:55:00Z,ARR,med,7.0
70,True,True,WINDSOR,TORONTO,2025-08-11,4,Woodstock,WDST,2025-08-11T12:13:40Z,2025-08-11T12:08:00Z,ARR,med,5.0
70,True,True,WINDSOR,TORONTO,2025-08-11,5,Brantford,BRTF,2025-08-11T12:46:19Z,2025-08-11T12:44:00Z,ARR,goo,2.0
70,True,True,WINDSOR,TORONTO,2025-08-11,6,Aldershot,ALDR,2025-08-11T13:26:46Z,2025-08-11T13:25:00Z,ARR,goo,1.0
70,True,True,WINDSOR,TORONTO,2025-08-11,7,Oakville,OAKV,2025-08-11T13:47:06Z,2025-08-11T13:43:00Z,ARR,goo,4.0
70,True,True,WINDSOR,TORONTO,2025-08-11,8,Toronto,TRTO,2025-08-11T14:15:17Z,2025-08-11T14:10:00Z,ARR,med,5.0
71,True,True,TORONTO,WINDSOR,2025-08-11,0,Toronto,TRTO,2025-08-11T10:50:00Z,2025-08-11T10:50:00Z,ARR,goo,0.0
71,True,True,TORONTO,WINDSOR,2025-08-11,1,Oakville,OAKV,2025-08-11T11:12:41Z,2025-08-11T11:13:00Z,ARR,goo,0.0
71,True,True,TORONTO,WINDSOR,2025-08-11,2,Aldershot,ALDR,2025-08-11T11:28:45Z,2025-08-11T11:29:00Z,ARR,goo,0.0
71,True,True,TORONTO,WINDSOR,2025-08-11,3,Brantford,BRTF,2025-08-11T12:00:49Z,2025-08-11T11:55:00Z,ARR,med,5.0
71,True,True,TORONTO,WINDSOR,2025-08-11,4,Woodstock,WDST,2025-08-11T12:32:18Z,2025-08-11T12:30:00Z,ARR,goo,2.0
71,True,True,TORONTO,WINDSOR,2025-08-11,5,Ingersoll,INGR,2025-08-11T12:44:12Z,2025-08-11T12:43:00Z,ARR,goo,1.0
71,True,True,TORONTO,WINDSOR,2025-08-11,6,London,LNDN,2025-08-11T13:07:33Z,2025-08-11T13:06:00Z,ARR,goo,1.0
71,True,True,TORONTO,WINDSOR,2025-08-11,7,Glencoe,GLNC,2025-08-11T13:41:02Z,2025-08-11T13:39:00Z,ARR,goo,2.0
71,True,True,TORONTO,WINDSOR,2025-08-11,8,Chatham,CHAT,2025-08-11T14:23:14Z,2025-08-11T14:18:00Z,ARR,med,5.0
71,True,True,TORONTO,WINDSOR,2025-08-11,9,Windsor,WDON,2025-08-11T15:08:48Z,2025-08-11T15:08:00Z,ARR,goo,0.0
72,True,True,WINDSOR,TORONTO,2025-08-11,0,Windsor,WDON,2025-08-11T12:43:08Z,2025-08-11T12:43:00Z,ARR,goo,0.0
72,True,True,WINDSOR,TORONTO,2025-08-11,1,Chatham,CHAT,2025-08-11T13:59:14Z,2025-08-11T13:25:00Z,ARR,bad,34.0
72,True,True,WINDSOR,TORONTO,2025-08-11,2,Glencoe,GLNC,2025-08-11T14:44:28Z,2025-08-11T14:05:00Z,ARR,bad,39.0
72,True,True,WINDSOR,TORONTO,2025-08-11,3,London,LNDN,2025-08-11T15:22:43Z,2025-08-11T14:39:00Z,ARR,bad,43.0
72,True,True,WINDSOR,TORONTO,2025-08-11,4,Ingersoll,INGR,2025-08-11T15:51:08Z,2025-08-11T15:07:00Z,ARR,bad,44.0
72,True,True,WINDSOR,TORONTO,2025-08-11,5,Woodstock,WDST,2025-08-11T16:04:19Z,2025-08-11T15:23:00Z,ARR,bad,41.0
72,True,True,WINDSOR,TORONTO,2025-08-11,6,Brantford,BRTF,2025-08-11T16:37:10Z,2025-08-11T15:55:00Z,ARR,bad,42.0
72,True,True,WINDSOR,TORONTO,2025-08-11,7,Aldershot,ALDR,2025-08-11T17:12:36Z,2025-08-11T16:29:00Z,ARR,bad,43.0
72,True,True,WINDSOR,TORONTO,2025-08-11,8,Oakville,OAKV,2025-08-11T17:35:29Z,2025-08-11T16:45:00Z,ARR,bad,50.0
72,True,True,WINDSOR,TORONTO,2025-08-11,9,Toronto,TRTO,2025-08-11T18:15:04Z,2025-08-11T17:11:00Z,ARR,bad,64.0
73,True,True,TORONTO,WINDSOR,2025-08-11,0,Toronto,TRTO,2025-08-11T15:30:03Z,2025-08-11T15:30:00Z,ARR,goo,0.0
73,True,True,TORONTO,WINDSOR,2025-08-11,1,Oakville,OAKV,2025-08-11T16:00:03Z,2025-08-11T15:51:00Z,ARR,med,9.0
73,True,True,TORONTO,WINDSOR,2025-08-11,2,Aldershot,ALDR,2025-08-11T16:28:35Z,2025-08-11T16:09:00Z,ARR,bad,19.0
73,True,True,TORONTO,WINDSOR,2025-08-11,3,Brantford,BRTF,2025-08-11T17:09:30Z,2025-08-11T16:40:00Z,ARR,bad,29.0
73,True,True,TORONTO,WINDSOR,2025-08-11,4,Woodstock,WDST,2025-08-11T17:41:34Z,2025-08-11T17:09:00Z,ARR,bad,32.0
73,True,True,TORONTO,WINDSOR,2025-08-11,5,London,LNDN,2025-08-11T18:22:46Z,2025-08-11T17:38:00Z,ARR,bad,44.0
73,True,True,TORONTO,WINDSOR,2025-08-11,6,Chatham,CHAT,2025-08-11T20:03:09Z,2025-08-11T18:50:00Z,ARR,bad,73.0
73,True,True,TORONTO,WINDSOR,2025-08-11,7,Windsor,WDON,2025-08-11T20:59:43Z,2025-08-11T19:45:00Z,ARR,bad,74.0
76,True,True,WINDSOR,TORONTO,2025-08-11,0,Windsor,WDON,2025-08-11T17:06:00Z,2025-08-11T17:06:00Z,ARR,goo,0.0
76,True,True,WINDSOR,TORONTO,2025-08-11,1,Chatham,CHAT,2025-08-11T17:49:16Z,2025-08-11T17:48:00Z,ARR,goo,1.0
76,True,True,WINDSOR,TORONTO,2025-08-11,2,Glencoe,GLNC,2025-08-11T18:31:55Z,2025-08-11T18:23:00Z,ARR,med,8.0
76,True,True,WINDSOR,TORONTO,2025-08-11,3,London,LNDN,2025-08-11T19:09:12Z,2025-08-11T18:58:00Z,ARR,med,11.0
76,True,True,WINDSOR,TORONTO,2025-08-11,4,Brantford,BRTF,2025-08-11T20:16:18Z,2025-08-11T19:59:00Z,ARR,bad,17.0
76,True,True,WINDSOR,TORONTO,2025-08-11,5,Aldershot,ALDR,2025-08-11T20:54:25Z,2025-08-11T20:30:00Z,ARR,bad,24.0
76,True,True,WINDSOR,TORONTO,2025-08-11,6,Oakville,OAKV,2025-08-11T21:15:07Z,2025-08-11T20:47:00Z,ARR,bad,28.0
76,True,True,WINDSOR,TORONTO,2025-08-11,7,Toronto,TRTO,2025-08-11T21:47:39Z,2025-08-11T21:13:00Z,ARR,bad,34.0
82,True,True,LONDON,TORONTO,2025-08-11,0,London,LNDN,2025-08-11T10:25:00Z,2025-08-11T10:25:00Z,ARR,goo,0.0
82,True,True,LONDON,TORONTO,2025-08-11,1,Woodstock,WDST,2025-08-11T10:52:30Z,2025-08-11T10:53:00Z,ARR,goo,0.0
82,True,True,LONDON,TORONTO,2025-08-11,2,Brantford,BRTF,2025-08-11T11:21:53Z,2025-08-11T11:23:00Z,ARR,goo,-1.0
82,True,True,LONDON,TORONTO,2025-08-11,3,Toronto,TRTO,2025-08-11T12:36:09Z,2025-08-11T12:35:00Z,ARR,goo,1.0
84,True,True,SARNIA,TORONTO,2025-08-11,0,Sarnia,SARN,2025-08-11T12:40:00Z,2025-08-11T12:40:00Z,ARR,goo,0.0
84,True,True,SARNIA,TORONTO,2025-08-11,1,Wyoming,WYOM,2025-08-11T12:59:21Z,2025-08-11T12:55:00Z,ARR,goo,4.0
84,True,True,SARNIA,TORONTO,2025-08-11,2,Strathroy,STRR,2025-08-11T13:28:03Z,2025-08-11T13:27:00Z,ARR,goo,1.0
84,True,True,SARNIA,TORONTO,2025-08-11,3,London,LNDN,2025-08-11T13:54:46Z,2025-08-11T13:52:00Z,ARR,goo,2.0
84,True,True,SARNIA,TORONTO,2025-08-11,4,St.Marys,SMYS,2025-08-11T14:51:39Z,2025-08-11T14:45:00Z,ARR,med,6.0
84,True,True,SARNIA,TORONTO,2025-08-11,5,Stratford,STRF,2025-08-11T15:22:07Z,2025-08-11T15:14:00Z,ARR,med,8.0
84,True,True,SARNIA,TORONTO,2025-08-11,6,Kitchener,KITC,2025-08-11T16:14:14Z,2025-08-11T16:02:00Z,ARR,med,12.0
84,True,True,SARNIA,TORONTO,2025-08-11,7,Guelph,GUEL,2025-08-11T16:36:40Z,2025-08-11T16:24:00Z,ARR,med,12.0
84,True,True,SARNIA,TORONTO,2025-08-11,8,Georgetown,GEOR,2025-08-11T17:01:33Z,2025-08-11T16:47:00Z,ARR,med,14.0
84,True,True,SARNIA,TORONTO,2025-08-11,9,Brampton,BRMP,2025-08-11T17:17:04Z,2025-08-11T16:59:00Z,ARR,bad,18.0
84,True,True,SARNIA,TORONTO,2025-08-11,10,Malton,MALT,2025-08-11T17:33:34Z,2025-08-11T17:11:00Z,ARR,bad,22.0
84,True,True,SARNIA,TORONTO,2025-08-11,11,Toronto,TRTO,2025-08-11T17:55:14Z,2025-08-11T17:38:00Z,ARR,bad,17.0
641,True,True,OTTAWA,TORONTO,2025-08-11,0,Ottawa,OTTW,2025-08-11T08:13:05Z,2025-08-11T08:13:00Z,ARR,goo,0.0
641,True,True,OTTAWA,TORONTO,2025-08-11,1,Fallowfield,FALL,2025-08-11T08:28:32Z,2025-08-11T08:30:00Z,ARR,goo,-1.0
641,True,True,OTTAWA,TORONTO,2025-08-11,2,Smiths Falls,SMTF,2025-08-11T08:58:46Z,2025-08-11T09:00:00Z,ARR,goo,-1.0
641,True,True,OTTAWA,TORONTO,2025-08-11,3,Brockville,BRKV,2025-08-11T09:31:35Z,2025-08-11T09:32:00Z,ARR,goo,0.0
641,True,True,OTTAWA,TORONTO,2025-08-11,4,Kingston,KGON,2025-08-11T10:14:36Z,2025-08-11T10:16:00Z,ARR,goo,-1.0
641,True,True,OTTAWA,TORONTO,2025-08-11,5,Belleville,BLVL,2025-08-11T11:00:13Z,2025-08-11T10:56:00Z,ARR,goo,4.0
641,True,True,OTTAWA,TORONTO,2025-08-11,6,Cobourg,CBRG,2025-08-11T11:34:51Z,2025-08-11T11:31:00Z,ARR,goo,3.0
641,True,True,OTTAWA,TORONTO,2025-08-11,7,Port Hope,PHOP,2025-08-11T11:44:23Z,2025-08-11T11:41:00Z,ARR,goo,3.0
641,True,True,OTTAWA,TORONTO,2025-08-11,8,Toronto,TRTO,2025-08-11T13:12:13Z,2025-08-11T12:48:00Z,ARR,bad,24.0
644,True,True,TORONTO,OTTAWA,2025-08-11,0,Toronto,TRTO,2025-08-11T17:23:30Z,2025-08-11T17:23:00Z,ARR,goo,0.0
644,True,True,TORONTO,OTTAWA,2025-08-11,1,Oshawa,OSHA,2025-08-11T18:00:42Z,2025-08-11T17:53:00Z,ARR,med,7.0
644,True,True,TORONTO,OTTAWA,2025-08-11,2,Cobourg,CBRG,2025-08-11T18:42:14Z,2025-08-11T18:28:00Z,ARR,med,14.0
644,True,True,TORONTO,OTTAWA,2025-08-11,3,Belleville,BLVL,2025-08-11T19:24:07Z,2025-08-11T19:03:00Z,ARR,bad,21.0
644,True,True,TORONTO,OTTAWA,2025-08-11,4,Kingston,KGON,2025-08-11T20:39:55Z,2025-08-11T19:43:00Z,ARR,bad,56.0
644,True,True,TORONTO,OTTAWA,2025-08-11,5,Fallowfield,FALL,2025-08-11T22:51:50Z,2025-08-11T21:30:00Z,ARR,bad,81.0
644,True,True,TORONTO,OTTAWA,2025-08-11,6,Ottawa,OTTW,2025-08-11T23:15:18Z,2025-08-11T21:53:00Z,ARR,bad,82.0
643,True,True,OTTAWA,TORONTO,2025-08-11,0,Ottawa,OTTW,2025-08-11T12:29:00Z,2025-08-11T12:29:00Z,ARR,goo,0.0
643,True,True,OTTAWA,TORONTO,2025-08-11,1,Fallowfield,FALL,2025-08-11T12:43:59Z,2025-08-11T12:45:00Z,ARR,goo,-1.0
643,True,True,OTTAWA,TORONTO,2025-08-11,2,Smiths Falls,SMTF,2025-08-11T13:15:22Z,2025-08-11T13:17:00Z,ARR,goo,-1.0
643,True,True,OTTAWA,TORONTO,2025-08-11,3,Brockville,BRKV,2025-08-11T14:16:52Z,2025-08-11T13:49:00Z,ARR,bad,27.0
643,True,True,OTTAWA,TORONTO,2025-08-11,4,Kingston,KGON,2025-08-11T15:09:32Z,2025-08-11T14:32:00Z,ARR,bad,37.0
643,True,True,OTTAWA,TORONTO,2025-08-11,5,Napanee,NAPN,2025-08-11T15:38:59Z,2025-08-11T14:57:00Z,ARR,bad,41.0
643,True,True,OTTAWA,TORONTO,2025-08-11,6,Belleville,BLVL,2025-08-11T16:08:13Z,2025-08-11T15:17:00Z,ARR,bad,51.0
643,True,True,OTTAWA,TORONTO,2025-08-11,7,Trenton Jct.,TRNJ,2025-08-11T16:23:16Z,2025-08-11T15:31:00Z,ARR,bad,52.0
643,True,True,OTTAWA,TORONTO,2025-08-11,8,Cobourg,CBRG,2025-08-11T16:56:28Z,2025-08-11T15:57:00Z,ARR,bad,59.0
643,True,True,OTTAWA,TORONTO,2025-08-11,9,Port Hope,PHOP,2025-08-11T17:07:37Z,2025-08-11T16:07:00Z,ARR,bad,60.0
643,True,True,OTTAWA,TORONTO,2025-08-11,10,Oshawa,OSHA,2025-08-11T17:42:53Z,2025-08-11T16:35:00Z,ARR,bad,67.0
643,True,True,OTTAWA,TORONTO,2025-08-11,11,Guildwood,GUIL,2025-08-11T18:18:34Z,2025-08-11T16:58:00Z,ARR,bad,80.0
643,True,True,OTTAWA,TORONTO,2025-08-11,12,Toronto,TRTO,2025-08-11T18:56:47Z,2025-08-11T17:18:00Z,ARR,bad,98.0
62,True,True,TORONTO,MONTRÉAL,2025-08-11,0,Toronto,TRTO,2025-08-11T12:32:00Z,2025-08-11T12:32:00Z,ARR,goo,0.0
62,True,True,TORONTO,MONTRÉAL,2025-08-11,1,Guildwood,GUIL,2025-08-11T12:48:26Z,2025-08-11T12:50:00Z,ARR,goo,-1.0
62,True,True,TORONTO,MONTRÉAL,2025-08-11,2,Oshawa,OSHA,2025-08-11T13:11:22Z,2025-08-11T13:09:00Z,ARR,goo,2.0
62,True,True,TORONTO,MONTRÉAL,2025-08-11,3,Cobourg,CBRG,2025-08-11T13:47:18Z,2025-08-11T13:44:00Z,ARR,goo,3.0
62,True,True,TORONTO,MONTRÉAL,2025-08-11,4,Belleville,BLVL,2025-08-11T14:20:50Z,2025-08-11T14:20:00Z,ARR,goo,0.0
62,True,True,TORONTO,MONTRÉAL,2025-08-11,5,Kingston,KGON,2025-08-11T15:05:23Z,2025-08-11T15:00:00Z,ARR,med,5.0
62,True,True,TORONTO,MONTRÉAL,2025-08-11,6,Cornwall,CWLL,2025-08-11T16:58:47Z,2025-08-11T16:43:00Z,ARR,bad,15.0
62,True,True,TORONTO,MONTRÉAL,2025-08-11,7,Dorval,DORV,2025-08-11T18:37:19Z,2025-08-11T17:34:00Z,ARR,bad,63.0
62,True,True,TORONTO,MONTRÉAL,2025-08-11,8,Montréal,MTRL,2025-08-11T19:06:06Z,2025-08-11T18:00:00Z,ARR,bad,66.0
43,True,True,OTTAWA,TORONTO,2025-08-11,0,Ottawa,OTTW,2025-08-11T13:35:12Z,2025-08-11T13:35:00Z,ARR,goo,0.0
43,True,True,OTTAWA,TORONTO,2025-08-11,1,Fallowfield,FALL,2025-08-11T13:52:42Z,2025-08-11T13:52:00Z,ARR,goo,0.0
43,True,True,OTTAWA,TORONTO,2025-08-11,2,Kingston,KGON,2025-08-11T15:48:45Z,2025-08-11T15:31:00Z,ARR,bad,17.0
43,True,True,OTTAWA,TORONTO,2025-08-11,3,Guildwood,GUIL,2025-08-11T18:42:44Z,2025-08-11T17:28:00Z,ARR,bad,74.0
43,True,True,OTTAWA,TORONTO,2025-08-11,4,Toronto,TRTO,2025-08-11T19:06:24Z,2025-08-11T17:48:00Z,ARR,bad,78.0
33,True,True,QUÉBEC,OTTAWA,2025-08-11,0,Québec,QBEC,2025-08-11T09:29:18Z,2025-08-11T09:29:00Z,ARR,goo,0.0
33,True,True,QUÉBEC,OTTAWA,2025-08-11,1,Ste-Foy,SFOY,2025-08-11T09:58:10Z,2025-08-11T09:54:00Z,ARR,goo,4.0
33,True,True,QUÉBEC,OTTAWA,2025-08-11,2,Charny,CHNY,2025-08-11T10:07:13Z,2025-08-11T10:03:00Z,ARR,goo,4.0
33,True,True,QUÉBEC,OTTAWA,2025-08-11,3,Drummondville,DRMV,2025-08-11T11:42:37Z,2025-08-11T11:26:00Z,ARR,bad,16.0
33,True,True,QUÉBEC,OTTAWA,2025-08-11,4,St. Hyacinthe,SHYA,2025-08-11T12:22:19Z,2025-08-11T11:57:00Z,ARR,bad,25.0
33,True,True,QUÉBEC,OTTAWA,2025-08-11,5,St. Lambert,SLAM,2025-08-11T12:56:13Z,2025-08-11T12:23:00Z,ARR,bad,33.0
33,True,True,QUÉBEC,OTTAWA,2025-08-11,6,Montréal,MTRL,2025-08-11T13:13:33Z,2025-08-11T12:37:00Z,ARR,bad,36.0
33,True,True,QUÉBEC,OTTAWA,2025-08-11,7,Dorval,DORV,2025-08-11T14:04:59Z,2025-08-11T13:24:00Z,ARR,bad,40.0
33,True,True,QUÉBEC,OTTAWA,2025-08-11,8,Alexandria,ALEX,2025-08-11T14:56:32Z,2025-08-11T14:10:00Z,ARR,bad,46.0
33,True,True,QUÉBEC,OTTAWA,2025-08-11,9,Casselman,CSLM,2025-08-11T15:18:24Z,2025-08-11T14:33:00Z,ARR,bad,45.0
33,True,True,QUÉBEC,OTTAWA,2025-08-11,10,Ottawa,OTTW,2025-08-11T15:44:41Z,2025-08-11T15:04:00Z,ARR,bad,40.0
45,True,True,OTTAWA,TORONTO,2025-08-11,0,Ottawa,OTTW,2025-08-11T14:24:00Z,2025-08-11T14:24:00Z,ARR,goo,0.0
45,True,True,OTTAWA,TORONTO,2025-08-11,1,Fallowfield,FALL,2025-08-11T14:40:07Z,2025-08-11T14:40:00Z,ARR,goo,0.0
45,True,True,OTTAWA,TORONTO,2025-08-11,2,Kingston,KGON,2025-08-11T16:37:10Z,2025-08-11T16:26:00Z,ARR,med,11.0
45,True,True,OTTAWA,TORONTO,2025-08-11,3,Toronto,TRTO,2025-08-11T19:49:44Z,2025-08-11T18:48:00Z,ARR,bad,61.0
97,True,True,TORONTO,NIAGARA FALLS,2025-08-11,0,Toronto,TRTO,2025-08-11T12:20:00Z,2025-08-11T12:20:00Z,ARR,goo,0.0
97,True,True,TORONTO,NIAGARA FALLS,2025-08-11,1,Oakville,OAKV,2025-08-11T12:43:00Z,2025-08-11T12:43:00Z,ARR,goo,0.0
97,True,True,TORONTO,NIAGARA FALLS,2025-08-11,2,Aldershot,ALDR,2025-08-11T12:56:00Z,2025-08-11T12:56:00Z,ARR,goo,0.0
97,True,True,TORONTO,NIAGARA FALLS,2025-08-11,3,Grimsby,GRIM,2025-08-11T13:37:00Z,2025-08-11T13:37:00Z,ARR,goo,0.0
97,True,True,TORONTO,NIAGARA FALLS,2025-08-11,4,St. Catharines,SCAT,2025-08-11T13:57:00Z,2025-08-11T13:57:00Z,ARR,goo,0.0
97,True,True,TORONTO,NIAGARA FALLS,2025-08-11,5,Niagara Falls,NIAG,2025-08-11T14:41:00Z,2025-08-11T14:20:00Z,ARR,bad,21.0
47,True,True,OTTAWA,TORONTO,2025-08-11,0,Ottawa,OTTW,2025-08-11T16:31:00Z,2025-08-11T16:23:00Z,ARR,med,8.0
47,True,True,OTTAWA,TORONTO,2025-08-11,1,Fallowfield,FALL,2025-08-11T16:47:38Z,2025-08-11T16:40:00Z,ARR,med,7.0
47,True,True,OTTAWA,TORONTO,2025-08-11,2,Smiths Falls,SMTF,2025-08-11T17:22:08Z,2025-08-11T17:18:00Z,ARR,goo,4.0
47,True,True,OTTAWA,TORONTO,2025-08-11,3,Brockville,BRKV,2025-08-11T17:53:55Z,2025-08-11T17:54:00Z,ARR,goo,0.0
47,True,True,OTTAWA,TORONTO,2025-08-11,4,Gananoque,GANA,2025-08-11T18:29:35Z,2025-08-11T18:22:00Z,ARR,med,7.0
47,True,True,OTTAWA,TORONTO,2025-08-11,5,Kingston,KGON,2025-08-11T18:55:10Z,2025-08-11T18:45:00Z,ARR,med,10.0
47,True,True,OTTAWA,TORONTO,2025-08-11,6,Belleville,BLVL,2025-08-11T19:52:03Z,2025-08-11T19:26:00Z,ARR,bad,26.0
47,True,True,OTTAWA,TORONTO,2025-08-11,7,Oshawa,OSHA,2025-08-11T21:18:22Z,2025-08-11T20:33:00Z,ARR,bad,45.0
47,True,True,OTTAWA,TORONTO,2025-08-11,8,Guildwood,GUIL,2025-08-11T21:53:19Z,2025-08-11T20:58:00Z,ARR,bad,55.0
47,True,True,OTTAWA,TORONTO,2025-08-11,9,Toronto,TRTO,2025-08-11T22:28:25Z,2025-08-11T21:30:00Z,ARR,bad,58.0
40,True,True,TORONTO,OTTAWA,2025-08-11,0,Toronto,TRTO,2025-08-11T14:38:00Z,2025-08-11T14:38:00Z,ARR,goo,0.0
40,True,True,TORONTO,OTTAWA,2025-08-11,1,Belleville,BLVL,2025-08-11T16:34:02Z,2025-08-11T16:09:00Z,ARR,bad,25.0
40,True,True,TORONTO,OTTAWA,2025-08-11,2,Kingston,KGON,2025-08-11T17:21:57Z,2025-08-11T16:48:00Z,ARR,bad,33.0
40,True,True,TORONTO,OTTAWA,2025-08-11,3,Fallowfield,FALL,2025-08-11T19:13:16Z,2025-08-11T18:38:00Z,ARR,bad,35.0
40,True,True,TORONTO,OTTAWA,2025-08-11,4,Ottawa,OTTW,2025-08-11T19:32:13Z,2025-08-11T19:02:00Z,ARR,bad,30.0
63,True,True,MONTRÉAL,TORONTO,2025-08-11,0,Montréal,MTRL,2025-08-11T12:46:00Z,2025-08-11T12:46:00Z,ARR,goo,0.0
63,True,True,MONTRÉAL,TORONTO,2025-08-11,1,Dorval,DORV,2025-08-11T13:07:40Z,2025-08-11T13:11:00Z,ARR,goo,-3.0
63,True,True,MONTRÉAL,TORONTO,2025-08-11,2,Cornwall,CWLL,2025-08-11T14:05:07Z,2025-08-11T14:04:00Z,ARR,goo,1.0
63,True,True,MONTRÉAL,TORONTO,2025-08-11,3,Brockville,BRKV,2025-08-11T15:07:47Z,2025-08-11T14:54:00Z,ARR,med,13.0
63,True,True,MONTRÉAL,TORONTO,2025-08-11,4,Kingston,KGON,2025-08-11T15:59:43Z,2025-08-11T15:39:00Z,ARR,bad,20.0
63,True,True,MONTRÉAL,TORONTO,2025-08-11,5,Belleville,BLVL,2025-08-11T16:50:03Z,2025-08-11T16:20:00Z,ARR,bad,30.0
63,True,True,MONTRÉAL,TORONTO,2025-08-11,6,Cobourg,CBRG,2025-08-11T17:30:28Z,2025-08-11T16:58:00Z,ARR,bad,32.0
63,True,True,MONTRÉAL,TORONTO,2025-08-11,7,Oshawa,OSHA,2025-08-11T18:05:45Z,2025-08-11T17:34:00Z,ARR,bad,31.0
63,True,True,MONTRÉAL,TORONTO,2025-08-11,8,Guildwood,GUIL,2025-08-11T19:17:11Z,2025-08-11T17:58:00Z,ARR,bad,79.0
63,True,True,MONTRÉAL,TORONTO,2025-08-11,9,Toronto,TRTO,2025-08-11T19:45:19Z,2025-08-11T18:18:00Z,ARR,bad,87.0
31,True,True,MONTRÉAL,OTTAWA,2025-08-11,0,Montréal,MTRL,2025-08-11T10:20:00Z,2025-08-11T10:20:00Z,ARR,goo,0.0
31,True,True,MONTRÉAL,OTTAWA,2025-08-11,1,Dorval,DORV,2025-08-11T10:43:48Z,2025-08-11T10:44:00Z,ARR,goo,0.0
31,True,True,MONTRÉAL,OTTAWA,2025-08-11,2,Alexandria,ALEX,2025-08-11T11:36:24Z,2025-08-11T11:36:00Z,ARR,goo,0.0
31,True,True,MONTRÉAL,OTTAWA,2025-08-11,3,Casselman,CSLM,2025-08-11T11:59:11Z,2025-08-11T11:59:00Z,ARR,goo,0.0
31,True,True,MONTRÉAL,OTTAWA,2025-08-11,4,Ottawa,OTTW,2025-08-11T12:24:38Z,2025-08-11T12:25:00Z,ARR,goo,0.0
35,True,True,QUÉBEC,OTTAWA,2025-08-11,0,Québec,QBEC,2025-08-11T12:06:00Z,2025-08-11T12:06:00Z,ARR,goo,0.0
35,True,True,QUÉBEC,OTTAWA,2025-08-11,1,Ste-Foy,SFOY,2025-08-11T12:33:10Z,2025-08-11T12:31:00Z,ARR,goo,2.0
35,True,True,QUÉBEC,OTTAWA,2025-08-11,2,Charny,CHNY,2025-08-11T12:42:29Z,2025-08-11T12:40:00Z,ARR,goo,2.0
35,True,True,QUÉBEC,OTTAWA,2025-08-11,3,Drummondville,DRMV,2025-08-11T14:20:06Z,2025-08-11T14:14:00Z,ARR,med,6.0
35,True,True,QUÉBEC,OTTAWA,2025-08-11,4,St. Hyacinthe,SHYA,2025-08-11T15:08:20Z,2025-08-11T14:44:00Z,ARR,bad,24.0
35,True,True,QUÉBEC,OTTAWA,2025-08-11,5,St. Lambert,SLAM,2025-08-11T15:45:16Z,2025-08-11T15:11:00Z,ARR,bad,34.0
35,True,True,QUÉBEC,OTTAWA,2025-08-11,6,Montréal,MTRL,2025-08-11T15:59:24Z,2025-08-11T15:26:00Z,ARR,bad,33.0
35,True,True,QUÉBEC,OTTAWA,2025-08-11,7,Dorval,DORV,2025-08-11T16:48:52Z,2025-08-11T16:18:00Z,ARR,bad,30.0
35,True,True,QUÉBEC,OTTAWA,2025-08-11,8,Coteau,COTO,2025-08-11T17:28:03Z,2025-08-11T16:46:00Z,ARR,bad,42.0
35,True,True,QUÉBEC,OTTAWA,2025-08-11,9,Alexandria,ALEX,2025-08-11T17:53:47Z,2025-08-11T17:08:00Z,ARR,bad,45.0
35,True,True,QUÉBEC,OTTAWA,2025-08-11,10,Casselman,CSLM,2025-08-11T18:16:39Z,2025-08-11T17:31:00Z,ARR,bad,45.0
35,True,True,QUÉBEC,OTTAWA,2025-08-11,11,Ottawa,OTTW,2025-08-11T18:55:09Z,2025-08-11T17:58:00Z,ARR,bad,57.0
44,True,True,TORONTO,OTTAWA,2025-08-11,0,Toronto,TRTO,2025-08-11T18:29:00Z,2025-08-11T18:23:00Z,ARR,med,6.0
44,True,True,TORONTO,OTTAWA,2025-08-11,1,Oshawa,OSHA,2025-08-11T19:20:10Z,2025-08-11T18:54:00Z,ARR,bad,26.0
44,True,True,TORONTO,OTTAWA,2025-08-11,2,Kingston,KGON,2025-08-11T21:44:14Z,2025-08-11T20:32:00Z,ARR,bad,72.0
44,True,True,TORONTO,OTTAWA,2025-08-11,3,Brockville,BRKV,2025-08-11T22:59:47Z,2025-08-11T21:19:00Z,ARR,bad,100.0
44,True,True,TORONTO,OTTAWA,2025-08-11,4,Smiths Falls,SMTF,2025-08-11T23:42:59Z,2025-08-11T21:50:00Z,ARR,bad,112.0
44,True,True,TORONTO,OTTAWA,2025-08-11,5,Fallowfield,FALL,2025-08-12T00:10:20Z,2025-08-11T22:22:00Z,ARR,bad,108.0
44,True,True,TORONTO,OTTAWA,2025-08-11,6,Ottawa,OTTW,2025-08-12T00:28:43Z,2025-08-11T22:43:00Z,ARR,bad,105.0
26,True,True,OTTAWA,QUÉBEC,2025-08-11,0,Ottawa,OTTW,2025-08-11T18:17:00Z,2025-08-11T18:17:00Z,ARR,goo,0.0
26,True,True,OTTAWA,QUÉBEC,2025-08-11,1,Alexandria,ALEX,2025-08-11T18:59:16Z,2025-08-11T19:03:00Z,ARR,goo,-3.0
26,True,True,OTTAWA,QUÉBEC,2025-08-11,2,Coteau,COTO,2025-08-11T19:21:02Z,2025-08-11T19:26:00Z,ARR,goo,-4.0
26,True,True,OTTAWA,QUÉBEC,2025-08-11,3,Dorval,DORV,2025-08-11T19:51:23Z,2025-08-11T19:49:00Z,ARR,goo,2.0
26,True,True,OTTAWA,QUÉBEC,2025-08-11,4,Montréal,MTRL,2025-08-11T20:17:34Z,2025-08-11T20:15:00Z,ARR,goo,2.0
26,True,True,OTTAWA,QUÉBEC,2025-08-11,5,St. Lambert,SLAM,2025-08-11T21:08:00Z,2025-08-11T20:53:00Z,ARR,bad,15.0
26,True,True,OTTAWA,QUÉBEC,2025-08-11,6,St. Hyacinthe,SHYA,2025-08-11T21:56:18Z,2025-08-11T21:20:00Z,ARR,bad,36.0
26,True,True,OTTAWA,QUÉBEC,2025-08-11,7,Drummondville,DRMV,2025-08-11T22:35:21Z,2025-08-11T22:05:00Z,ARR,bad,30.0
26,True,True,OTTAWA,QUÉBEC,2025-08-11,8,Charny,CHNY,2025-08-12T00:17:16Z,2025-08-11T23:44:00Z,ARR,bad,33.0
26,True,True,OTTAWA,QUÉBEC,2025-08-11,9,Ste-Foy,SFOY,2025-08-12T00:25:55Z,2025-08-11T23:52:00Z,ARR,bad,33.0
26,True,True,OTTAWA,QUÉBEC,2025-08-11,10,Québec,QBEC,2025-08-12T01:06:57Z,2025-08-12T00:19:00Z,ARR,bad,47.0
39,True,True,QUÉBEC,OTTAWA,2025-08-11,0,Québec,QBEC,2025-08-11T18:57:00Z,2025-08-11T18:57:00Z,ARR,goo,0.0
39,True,True,QUÉBEC,OTTAWA,2025-08-11,1,Ste-Foy,SFOY,2025-08-11T19:26:43Z,2025-08-11T19:22:00Z,ARR,goo,4.0
39,True,True,QUÉBEC,OTTAWA,2025-08-11,2,Drummondville,DRMV,2025-08-11T21:24:19Z,2025-08-11T20:58:00Z,ARR,bad,26.0
39,True,True,QUÉBEC,OTTAWA,2025-08-11,3,St. Lambert,SLAM,2025-08-11T22:32:14Z,2025-08-11T21:57:00Z,ARR,bad,35.0
39,True,True,QUÉBEC,OTTAWA,2025-08-11,4,Montréal,MTRL,2025-08-11T22:47:26Z,2025-08-11T22:11:00Z,ARR,bad,36.0
39,True,True,QUÉBEC,OTTAWA,2025-08-11,5,Dorval,DORV,2025-08-11T23:43:43Z,2025-08-11T23:14:00Z,ARR,bad,29.0
39,True,True,QUÉBEC,OTTAWA,2025-08-11,6,Coteau,COTO,2025-08-12T00:20:45Z,2025-08-11T23:43:00Z,ARR,bad,37.0
39,True,True,QUÉBEC,OTTAWA,2025-08-11,7,Alexandria,ALEX,2025-08-12T00:39:58Z,2025-08-12T00:06:00Z,ARR,bad,33.0
39,True,True,QUÉBEC,OTTAWA,2025-08-11,8,Ottawa,OTTW,2025-08-12T01:22:34Z,2025-08-12T00:51:00Z,ARR,bad,31.0
66,True,True,TORONTO,MONTRÉAL,2025-08-11,0,Toronto,TRTO,2025-08-11T19:27:38Z,2025-08-11T19:23:00Z,ARR,goo,4.0
66,True,True,TORONTO,MONTRÉAL,2025-08-11,1,Guildwood,GUIL,2025-08-11T19:45:44Z,2025-08-11T19:40:00Z,ARR,med,5.0
66,True,True,TORONTO,MONTRÉAL,2025-08-11,2,Oshawa,OSHA,2025-08-11T20:18:25Z,2025-08-11T19:54:00Z,ARR,bad,24.0
66,True,True,TORONTO,MONTRÉAL,2025-08-11,3,Belleville,BLVL,2025-08-11T21:33:53Z,2025-08-11T21:00:00Z,ARR,bad,33.0
66,True,True,TORONTO,MONTRÉAL,2025-08-11,4,Kingston,KGON,2025-08-11T22:31:14Z,2025-08-11T21:40:00Z,ARR,bad,51.0
66,True,True,TORONTO,MONTRÉAL,2025-08-11,5,Cornwall,CWLL,2025-08-12T00:21:42Z,2025-08-11T23:07:00Z,ARR,bad,74.0
66,True,True,TORONTO,MONTRÉAL,2025-08-11,6,Dorval,DORV,2025-08-12T01:13:15Z,2025-08-11T23:58:00Z,ARR,bad,75.0
66,True,True,TORONTO,MONTRÉAL,2025-08-11,7,Montréal,MTRL,2025-08-12T01:38:27Z,2025-08-12T00:25:00Z,ARR,bad,73.0
46,True,True,TORONTO,OTTAWA,2025-08-11,0,Toronto,TRTO,2025-08-11T19:38:00Z,2025-08-11T19:38:00Z,ARR,goo,0.0
46,True,True,TORONTO,OTTAWA,2025-08-11,1,Oshawa,OSHA,2025-08-11T20:26:16Z,2025-08-11T20:09:00Z,ARR,bad,17.0
46,True,True,TORONTO,OTTAWA,2025-08-11,2,Cobourg,CBRG,2025-08-11T21:08:36Z,2025-08-11T20:43:00Z,ARR,bad,25.0
46,True,True,TORONTO,OTTAWA,2025-08-11,3,Kingston,KGON,2025-08-11T22:58:12Z,2025-08-11T21:54:00Z,ARR,bad,64.0
46,True,True,TORONTO,OTTAWA,2025-08-11,4,Brockville,BRKV,2025-08-11T23:54:09Z,2025-08-11T22:40:00Z,ARR,bad,74.0
46,True,True,TORONTO,OTTAWA,2025-08-11,5,Fallowfield,FALL,2025-08-12T00:52:12Z,2025-08-11T23:40:00Z,ARR,bad,72.0
46,True,True,TORONTO,OTTAWA,2025-08-11,6,Ottawa,OTTW,2025-08-12T01:11:30Z,2025-08-12T00:00:00Z,ARR,bad,71.0
83,True,True,TORONTO,LONDON,2025-08-11,0,Toronto,TRTO,2025-08-11T20:15:00Z,2025-08-11T20:15:00Z,ARR,goo,0.0
83,True,True,TORONTO,LONDON,2025-08-11,1,Aldershot,ALDR,2025-08-11T21:07:49Z,2025-08-11T20:50:00Z,ARR,bad,17.0
83,True,True,TORONTO,LONDON,2025-08-11,2,Brantford,BRTF,2025-08-11T21:38:44Z,2025-08-11T21:20:00Z,ARR,bad,18.0
83,True,True,TORONTO,LONDON,2025-08-11,3,Woodstock,WDST,2025-08-11T22:06:24Z,2025-08-11T21:48:00Z,ARR,bad,18.0
83,True,True,TORONTO,LONDON,2025-08-11,4,London,LNDN,2025-08-11T22:37:26Z,2025-08-11T22:27:00Z,ARR,med,10.0
28,True,True,OTTAWA,QUÉBEC,2025-08-11,0,Ottawa,OTTW,2025-08-11T20:05:00Z,2025-08-11T20:05:00Z,ARR,goo,0.0
28,True,True,OTTAWA,QUÉBEC,2025-08-11,1,Casselman,CSLM,2025-08-11T20:32:28Z,2025-08-11T20:31:00Z,ARR,goo,1.0
28,True,True,OTTAWA,QUÉBEC,2025-08-11,2,Alexandria,ALEX,2025-08-11T20:55:17Z,2025-08-11T20:53:00Z,ARR,goo,2.0
28,True,True,OTTAWA,QUÉBEC,2025-08-11,3,Coteau,COTO,2025-08-11T21:19:16Z,2025-08-11T21:15:00Z,ARR,goo,4.0
28,True,True,OTTAWA,QUÉBEC,2025-08-11,4,Dorval,DORV,2025-08-11T22:14:44Z,2025-08-11T21:38:00Z,ARR,bad,36.0
28,True,True,OTTAWA,QUÉBEC,2025-08-11,5,Montréal,MTRL,2025-08-11T22:42:29Z,2025-08-11T22:04:00Z,ARR,bad,38.0
28,True,True,OTTAWA,QUÉBEC,2025-08-11,6,St. Lambert,SLAM,2025-08-11T23:48:47Z,2025-08-11T22:38:00Z,ARR,bad,70.0
28,True,True,OTTAWA,QUÉBEC,2025-08-11,7,St. Hyacinthe,SHYA,2025-08-12T00:26:34Z,2025-08-11T23:06:00Z,ARR,bad,80.0
28,True,True,OTTAWA,QUÉBEC,2025-08-11,8,Drummondville,DRMV,2025-08-12T01:19:40Z,2025-08-11T23:52:00Z,ARR,bad,87.0
28,True,True,OTTAWA,QUÉBEC,2025-08-11,9,Charny,CHNY,2025-08-12T02:59:06Z,2025-08-12T01:14:00Z,ARR,bad,105.0
28,True,True,OTTAWA,QUÉBEC,2025-08-11,10,Ste-Foy,SFOY,2025-08-12T03:07:44Z,2025-08-12T01:21:00Z,ARR,bad,106.0
28,True,True,OTTAWA,QUÉBEC,2025-08-11,11,Québec,QBEC,2025-08-12T03:37:24Z,2025-08-12T01:48:00Z,ARR,bad,109.0
69,True,False,MONTRÉAL,TORONTO,2025-08-11,0,Montréal,MTRL,2025-08-11T20:42:00Z,2025-08-11T20:38:00Z,ARR,goo,4.0
69,True,False,MONTRÉAL,TORONTO,2025-08-11,1,Dorval,DORV,2025-08-11T21:09:06Z,2025-08-11T21:04:00Z,ARR,med,5.0
69,True,False,MONTRÉAL,TORONTO,2025-08-11,2,Cornwall,CWLL,2025-08-11T23:19:33Z,2025-08-11T21:53:00Z,ARR,bad,86.0
69,True,False,MONTRÉAL,TORONTO,2025-08-11,3,Brockville,BRKV,2025-08-12T00:26:34Z,2025-08-11T22:40:00Z,ARR,bad,106.0
69,True,False,MONTRÉAL,TORONTO,2025-08-11,4,Kingston,KGON,2025-08-12T01:17:43Z,2025-08-11T23:24:00Z,ARR,bad,113.0
69,True,False,MONTRÉAL,TORONTO,2025-08-11,5,Oshawa,OSHA,2025-08-12T03:23:56Z,2025-08-12T01:05:00Z,ARR,bad,138.0
69,True,False,MONTRÉAL,TORONTO,2025-08-11,6,Guildwood,GUIL,2025-08-12T03:51:44Z,2025-08-12T01:28:00Z,ARR,bad,143.0
69,True,False,MONTRÉAL,TORONTO,2025-08-11,7,Toronto,TRTO,2025-08-12T04:11:44Z,2025-08-12T01:48:00Z,13 mins,bad,143.0
68,True,True,TORONTO,MONTRÉAL,2025-08-11,0,Toronto,TRTO,2025-08-11T21:25:26Z,2025-08-11T21:08:00Z,ARR,bad,17.0
68,True,True,TORONTO,MONTRÉAL,2025-08-11,1,Oshawa,OSHA,2025-08-11T22:00:21Z,2025-08-11T21:39:00Z,ARR,bad,21.0
68,True,True,TORONTO,MONTRÉAL,2025-08-11,2,Cobourg,CBRG,2025-08-11T22:48:27Z,2025-08-11T22:14:00Z,ARR,bad,34.0
68,True,True,TORONTO,MONTRÉAL,2025-08-11,3,Belleville,BLVL,2025-08-11T23:30:45Z,2025-08-11T22:49:00Z,ARR,bad,41.0
68,True,True,TORONTO,MONTRÉAL,2025-08-11,4,Kingston,KGON,2025-08-12T00:21:14Z,2025-08-11T23:26:00Z,ARR,bad,55.0
68,True,True,TORONTO,MONTRÉAL,2025-08-11,5,Brockville,BRKV,2025-08-12T01:23:57Z,2025-08-12T00:11:00Z,ARR,bad,72.0
68,True,True,TORONTO,MONTRÉAL,2025-08-11,6,Cornwall,CWLL,2025-08-12T02:13:36Z,2025-08-12T00:57:00Z,ARR,bad,76.0
68,True,True,TORONTO,MONTRÉAL,2025-08-11,7,Dorval,DORV,2025-08-12T03:11:08Z,2025-08-12T01:47:00Z,ARR,bad,84.0
68,True,True,TORONTO,MONTRÉAL,2025-08-11,8,Montréal,MTRL,2025-08-12T03:40:57Z,2025-08-12T02:14:00Z,ARR,bad,86.0
75,True,False,TORONTO,WINDSOR,2025-08-11,0,Toronto,TRTO,2025-08-11T23:15:00Z,2025-08-11T21:22:00Z,ARR,bad,113.0
75,True,False,TORONTO,WINDSOR,2025-08-11,1,Oakville,OAKV,2025-08-12T00:04:13Z,2025-08-11T21:45:00Z,ARR,bad,139.0
75,True,False,TORONTO,WINDSOR,2025-08-11,2,Aldershot,ALDR,2025-08-12T00:26:34Z,2025-08-11T22:01:00Z,ARR,bad,145.0
75,True,False,TORONTO,WINDSOR,2025-08-11,3,Brantford,BRTF,2025-08-12T00:58:11Z,2025-08-11T22:33:00Z,ARR,bad,145.0
75,True,False,TORONTO,WINDSOR,2025-08-11,4,Woodstock,WDST,2025-08-12T01:28:11Z,2025-08-11T23:04:00Z,ARR,bad,144.0
75,True,False,TORONTO,WINDSOR,2025-08-11,5,Ingersoll,INGR,2025-08-12T01:40:18Z,2025-08-11T23:19:00Z,ARR,bad,141.0
75,True,False,TORONTO,WINDSOR,2025-08-11,6,London,LNDN,2025-08-12T01:59:07Z,2025-08-11T23:47:00Z,ARR,bad,132.0
75,True,False,TORONTO,WINDSOR,2025-08-11,7,Glencoe,GLNC,2025-08-12T02:36:32Z,2025-08-12T00:21:00Z,ARR,bad,135.0
75,True,False,TORONTO,WINDSOR,2025-08-11,8,Chatham,CHAT,2025-08-12T03:19:31Z,2025-08-12T00:55:00Z,ARR,bad,144.0
75,True,False,TORONTO,WINDSOR,2025-08-11,9,Windsor,WDON,2025-08-12T04:04:47Z,2025-08-12T01:50:00Z,6 mins,bad,134.0
54,True,True,TORONTO,OTTAWA,2025-08-11,0,Toronto,TRTO,2025-08-11T21:56:00Z,2025-08-11T21:38:00Z,ARR,bad,18.0
54,True,True,TORONTO,OTTAWA,2025-08-11,1,Guildwood,GUIL,2025-08-11T22:15:55Z,2025-08-11T21:55:00Z,ARR,bad,20.0
54,True,True,TORONTO,OTTAWA,2025-08-11,2,Oshawa,OSHA,2025-08-11T22:46:14Z,2025-08-11T22:08:00Z,ARR,bad,38.0
54,True,True,TORONTO,OTTAWA,2025-08-11,3,Port Hope,PHOP,2025-08-11T23:13:54Z,2025-08-11T22:37:00Z,ARR,bad,36.0
54,True,True,TORONTO,OTTAWA,2025-08-11,4,Cobourg,CBRG,2025-08-11T23:22:54Z,2025-08-11T22:46:00Z,ARR,bad,36.0
54,True,True,TORONTO,OTTAWA,2025-08-11,5,Trenton Jct.,TRNJ,2025-08-11T23:49:07Z,2025-08-11T23:13:01Z,ARR,bad,36.0
54,True,True,TORONTO,OTTAWA,2025-08-11,6,Belleville,BLVL,2025-08-12T00:02:56Z,2025-08-11T23:27:00Z,ARR,bad,35.0
54,True,True,TORONTO,OTTAWA,2025-08-11,7,Napanee,NAPN,2025-08-12T00:27:13Z,2025-08-11T23:48:00Z,ARR,bad,39.0
54,True,True,TORONTO,OTTAWA,2025-08-11,8,Kingston,KGON,2025-08-12T00:48:26Z,2025-08-12T00:09:00Z,ARR,bad,39.0
54,True,True,TORONTO,OTTAWA,2025-08-11,9,Brockville,BRKV,2025-08-12T01:38:32Z,2025-08-12T00:54:00Z,ARR,bad,44.0
54,True,True,TORONTO,OTTAWA,2025-08-11,10,Smiths Falls,SMTF,2025-08-12T02:13:25Z,2025-08-12T01:25:00Z,ARR,bad,48.0
54,True,True,TORONTO,OTTAWA,2025-08-11,11,Fallowfield,FALL,2025-08-12T02:39:08Z,2025-08-12T01:52:00Z,ARR,bad,47.0
54,True,True,TORONTO,OTTAWA,2025-08-11,12,Ottawa,OTTW,2025-08-12T02:58:06Z,2025-08-12T02:13:00Z,ARR,bad,45.0
29,True,True,QUÉBEC,MONTRÉAL,2025-08-11,0,Québec,QBEC,2025-08-11T22:01:19Z,2025-08-11T21:41:00Z,ARR,bad,20.0
29,True,True,QUÉBEC,MONTRÉAL,2025-08-11,1,Ste-Foy,SFOY,2025-08-11T22:32:18Z,2025-08-11T22:06:00Z,ARR,bad,26.0
29,True,True,QUÉBEC,MONTRÉAL,2025-08-11,2,Drummondville,DRMV,2025-08-12T00:14:01Z,2025-08-11T23:42:00Z,ARR,bad,32.0
29,True,True,QUÉBEC,MONTRÉAL,2025-08-11,3,St. Hyacinthe,SHYA,2025-08-12T01:06:41Z,2025-08-12T00:18:00Z,ARR,bad,48.0
29,True,True,QUÉBEC,MONTRÉAL,2025-08-11,4,St. Lambert,SLAM,2025-08-12T01:39:41Z,2025-08-12T00:45:00Z,ARR,bad,54.0
29,True,True,QUÉBEC,MONTRÉAL,2025-08-11,5,Montréal,MTRL,2025-08-12T01:57:42Z,2025-08-12T01:00:00Z,ARR,bad,57.0
98,True,True,NIAGARA FALLS,TORONTO,2025-08-11,0,Niagara Falls,NIAG,2025-08-11T23:45:00Z,2025-08-11T21:45:00Z,ARR,bad,120.0
98,True,True,NIAGARA FALLS,TORONTO,2025-08-11,1,St. Catharines,SCAT,2025-08-12T00:06:00Z,2025-08-11T22:06:00Z,ARR,bad,120.0
98,True,True,NIAGARA FALLS,TORONTO,2025-08-11,2,Grimsby,GRIM,2025-08-12T00:26:00Z,2025-08-11T22:26:00Z,ARR,bad,120.0
98,True,True,NIAGARA FALLS,TORONTO,2025-08-11,3,Aldershot,ALDR,2025-08-12T01:02:00Z,2025-08-11T23:02:00Z,ARR,bad,120.0
98,True,True,NIAGARA FALLS,TORONTO,2025-08-11,4,Oakville,OAKV,2025-08-12T01:28:00Z,2025-08-11T23:16:00Z,ARR,bad,132.0
98,True,True,NIAGARA FALLS,TORONTO,2025-08-11,5,Toronto,TRTO,2025-08-12T01:59:00Z,2025-08-11T23:43:00Z,ARR,bad,136.0
87,True,True,TORONTO,SARNIA,2025-08-11,0,Toronto,TRTO,2025-08-11T21:40:00Z,2025-08-11T21:40:00Z,ARR,goo,0.0
87,True,True,TORONTO,SARNIA,2025-08-11,1,Malton,MALT,2025-08-11T22:00:02Z,2025-08-11T22:00:00Z,ARR,goo,0.0
87,True,True,TORONTO,SARNIA,2025-08-11,2,Brampton,BRMP,2025-08-11T22:09:36Z,2025-08-11T22:12:00Z,ARR,goo,-2.0
87,True,True,TORONTO,SARNIA,2025-08-11,3,Georgetown,GEOR,2025-08-11T22:25:09Z,2025-08-11T22:24:00Z,ARR,goo,1.0
87,True,True,TORONTO,SARNIA,2025-08-11,4,Guelph,GUEL,2025-08-11T22:56:20Z,2025-08-11T22:49:00Z,ARR,med,7.0
87,True,True,TORONTO,SARNIA,2025-08-11,5,Kitchener,KITC,2025-08-11T23:24:29Z,2025-08-11T23:16:00Z,ARR,med,8.0
87,True,True,TORONTO,SARNIA,2025-08-11,6,Stratford,STRF,2025-08-12T00:13:30Z,2025-08-11T23:57:00Z,ARR,bad,16.0
87,True,True,TORONTO,SARNIA,2025-08-11,7,St.Marys,SMYS,2025-08-12T00:42:58Z,2025-08-12T00:25:00Z,ARR,bad,17.0
87,True,True,TORONTO,SARNIA,2025-08-11,8,London,LNDN,2025-08-12T01:33:17Z,2025-08-12T01:13:00Z,ARR,bad,20.0
87,True,True,TORONTO,SARNIA,2025-08-11,9,Strathroy,STRR,2025-08-12T02:02:11Z,2025-08-12T01:39:00Z,ARR,bad,23.0
87,True,True,TORONTO,SARNIA,2025-08-11,10,Wyoming,WYOM,2025-08-12T02:24:21Z,2025-08-12T02:07:00Z,ARR,bad,17.0
87,True,True,TORONTO,SARNIA,2025-08-11,11,Sarnia,SARN,2025-08-12T02:42:18Z,2025-08-12T02:24:00Z,ARR,bad,18.0
668,True,False,TORONTO,MONTRÉAL,2025-08-11,0,Toronto,TRTO,2025-08-11T22:23:00Z,2025-08-11T22:08:00Z,ARR,bad,15.0
668,True,False,TORONTO,MONTRÉAL,2025-08-11,1,Guildwood,GUIL,2025-08-11T23:22:58Z,2025-08-11T22:25:00Z,ARR,bad,57.0
668,True,False,TORONTO,MONTRÉAL,2025-08-11,2,Oshawa,OSHA,2025-08-11T23:44:58Z,2025-08-11T22:39:00Z,ARR,bad,65.0
668,True,False,TORONTO,MONTRÉAL,2025-08-11,3,Kingston,KGON,2025-08-12T01:59:01Z,2025-08-12T00:22:00Z,ARR,bad,97.0
668,True,False,TORONTO,MONTRÉAL,2025-08-11,4,Cornwall,CWLL,2025-08-12T03:29:30Z,2025-08-12T01:49:00Z,ARR,bad,100.0
668,True,False,TORONTO,MONTRÉAL,2025-08-11,5,Dorval,DORV,2025-08-12T04:16:37Z,2025-08-12T02:38:00Z,18 mins,bad,98.0
668,True,False,TORONTO,MONTRÉAL,2025-08-11,6,Montréal,MTRL,2025-08-12T04:42:37Z,2025-08-12T03:04:00Z,44 mins,bad,98.0
605,True,False,MONTRÉAL,JONQUIÈRE,2025-08-11,0,Montréal,MTRL,2025-08-11T22:15:00Z,2025-08-11T22:15:00Z,ARR,goo,0.0
605,True,False,MONTRÉAL,JONQUIÈRE,2025-08-11,1,Sauvé,SAUV,2025-08-11T23:04:54Z,2025-08-11T22:54:00Z,ARR,med,10.0
605,True,False,MONTRÉAL,JONQUIÈRE,2025-08-11,2,Anjou,ANJO,2025-08-11T23:14:40Z,2025-08-11T23:09:00Z,ARR,med,5.0
605,True,False,MONTRÉAL,JONQUIÈRE,2025-08-11,3,Joliette,JOLI,2025-08-12T00:09:34Z,2025-08-11T23:50:00Z,ARR,bad,19.0
605,True,False,MONTRÉAL,JONQUIÈRE,2025-08-11,4,St-Justin,SJUS,2025-08-12T00:48:52Z,2025-08-12T00:22:00Z,ARR,bad,26.0
605,True,False,MONTRÉAL,JONQUIÈRE,2025-08-11,5,St-Paulin,SPAU,2025-08-12T01:01:52Z,2025-08-12T00:35:00Z,ARR,bad,26.0
605,True,False,MONTRÉAL,JONQUIÈRE,2025-08-11,6,Charette,CHRT,2025-08-12T01:12:09Z,2025-08-12T00:43:00Z,ARR,bad,29.0
605,True,False,MONTRÉAL,JONQUIÈRE,2025-08-11,7,Shawinigan,SHWN,2025-08-12T01:31:45Z,2025-08-12T01:03:00Z,ARR,bad,28.0
605,True,False,MONTRÉAL,JONQUIÈRE,2025-08-11,8,Grand-Mère,GMRE,2025-08-12T01:42:05Z,2025-08-12T01:15:00Z,ARR,bad,27.0
605,True,False,MONTRÉAL,JONQUIÈRE,2025-08-11,9,Garneau,GARN,2025-08-12T01:53:12Z,2025-08-12T01:26:00Z,ARR,bad,27.0
605,True,False,MONTRÉAL,JONQUIÈRE,2025-08-11,10,Saint-Tite,STIT,2025-08-12T02:08:20Z,2025-08-12T01:41:00Z,ARR,bad,27.0
605,True,False,MONTRÉAL,JONQUIÈRE,2025-08-11,11,Hervey,HERV,2025-08-12T02:29:45Z,2025-08-12T02:20:00Z,ARR,med,9.0
605,True,False,MONTRÉAL,JONQUIÈRE,2025-08-11,12,Rousseau,ROUS,2025-08-12T03:14:45Z,2025-08-12T03:05:00Z,ARR,med,9.0
605,True,False,MONTRÉAL,JONQUIÈRE,2025-08-11,13,Rivière-À-Pierre,RAPX,2025-08-12T03:30:45Z,2025-08-12T03:21:00Z,ARR,med,9.0
605,True,False,MONTRÉAL,JONQUIÈRE,2025-08-11,14,Miquick,MIQK,2025-08-12T04:11:45Z,2025-08-12T04:02:00Z,13 mins,med,9.0
605,True,False,MONTRÉAL,JONQUIÈRE,2025-08-11,15,Club Jacques-Cartier,JACC,2025-08-12T04:25:45Z,2025-08-12T04:16:00Z,27 mins,med,9.0
605,True,False,MONTRÉAL,JONQUIÈRE,2025-08-11,16,Falrie,FALR,2025-08-12T04:28:45Z,2025-08-12T04:19:00Z,30 mins,med,9.0
605,True,False,MONTRÉAL,JONQUIÈRE,2025-08-11,17,Pont Beaudet,PBDT,2025-08-12T04:31:45Z,2025-08-12T04:22:00Z,33 mins,med,9.0
605,True,False,MONTRÉAL,JONQUIÈRE,2025-08-11,18,Saint-Hilaire,SHPN,2025-08-12T04:33:45Z,2025-08-12T04:24:00Z,35 mins,med,9.0
605,True,False,MONTRÉAL,JONQUIÈRE,2025-08-11,19,Bima,BIMA,2025-08-12T04:35:45Z,2025-08-12T04:26:00Z,37 mins,med,9.0
605,True,False,MONTRÉAL,JONQUIÈRE,2025-08-11,20,Lac Malouin,LMAL,2025-08-12T04:37:45Z,2025-08-12T04:28:00Z,39 mins,med,9.0
605,True,False,MONTRÉAL,JONQUIÈRE,2025-08-11,21,Club Iroquois,IRQC,2025-08-12T04:40:45Z,2025-08-12T04:31:00Z,42 mins,med,9.0
605,True,False,MONTRÉAL,JONQUIÈRE,2025-08-11,22,Stadacona,STAD,2025-08-12T04:45:45Z,2025-08-12T04:36:00Z,47 mins,med,9.0
605,True,False,MONTRÉAL,JONQUIÈRE,2025-08-11,23,Sanford,SANF,2025-08-12T04:54:45Z,2025-08-12T04:45:00Z,56 mins,med,9.0
605,True,False,MONTRÉAL,JONQUIÈRE,2025-08-11,24,Lac-Aux-Perles,PRLL,2025-08-12T05:04:45Z,2025-08-12T04:55:00Z,1h06,med,9.0
605,True,False,MONTRÉAL,JONQUIÈRE,2025-08-11,25,Hirondelle,HRDL,2025-08-12T05:06:46Z,2025-08-12T04:57:01Z,1h08,med,9.0
605,True,False,MONTRÉAL,JONQUIÈRE,2025-08-11,26,Club Nicole,NCLC,2025-08-12T05:14:45Z,2025-08-12T05:05:00Z,1h16,med,9.0
605,True,False,MONTRÉAL,JONQUIÈRE,2025-08-11,27,Club Triton,TRTC,2025-08-12T05:21:45Z,2025-08-12T05:12:00Z,1h23,med,9.0
605,True,False,MONTRÉAL,JONQUIÈRE,2025-08-11,28,Lac-Édouard,LEDW,2025-08-12T05:34:45Z,2025-08-12T05:25:00Z,1h36,med,9.0
605,True,False,MONTRÉAL,JONQUIÈRE,2025-08-11,29,Cherokee,CHER,2025-08-12T05:48:45Z,2025-08-12T05:39:00Z,1h50,med,9.0
605,True,False,MONTRÉAL,JONQUIÈRE,2025-08-11,30,Caribou,CARI,2025-08-12T05:50:45Z,2025-08-12T05:41:00Z,1h52,med,9.0
605,True,False,MONTRÉAL,JONQUIÈRE,2025-08-11,31,Club Grégoire,GRGC,2025-08-12T05:57:45Z,2025-08-12T05:48:00Z,1h59,med,9.0
605,True,False,MONTRÉAL,JONQUIÈRE,2025-08-11,32,Club Sommet,SMMC,2025-08-12T06:00:45Z,2025-08-12T05:51:00Z,2h02,med,9.0
605,True,False,MONTRÉAL,JONQUIÈRE,2025-08-11,33,Summit,SMQU,2025-08-12T06:03:45Z,2025-08-12T05:54:00Z,2h05,med,9.0
605,True,False,MONTRÉAL,JONQUIÈRE,2025-08-11,34,Brooks,BRQU,2025-08-12T06:12:46Z,2025-08-12T06:03:01Z,2h14,med,9.0
605,True,False,MONTRÉAL,JONQUIÈRE,2025-08-11,35,Kiskissink,KISK,2025-08-12T06:24:45Z,2025-08-12T06:15:00Z,2h26,med,9.0
605,True,False,MONTRÉAL,JONQUIÈRE,2025-08-11,36,Van Bruyssel,VBRU,2025-08-12T06:25:46Z,2025-08-12T06:16:01Z,2h27,med,9.0
605,True,False,MONTRÉAL,JONQUIÈRE,2025-08-11,37,Lac Des Roches,LDES,2025-08-12T06:35:45Z,2025-08-12T06:26:00Z,2h37,med,9.0
605,True,False,MONTRÉAL,JONQUIÈRE,2025-08-11,38,Kondiaronk,KOND,2025-08-12T06:38:45Z,2025-08-12T06:29:00Z,2h40,med,9.0
605,True,False,MONTRÉAL,JONQUIÈRE,2025-08-11,39,Club Lizotte,LIZO,2025-08-12T06:51:45Z,2025-08-12T06:42:00Z,2h53,med,9.0
605,True,False,MONTRÉAL,JONQUIÈRE,2025-08-11,40,Lac-Bouchette,LBOU,2025-08-12T07:16:45Z,2025-08-12T07:07:00Z,3h18,med,9.0
605,True,False,MONTRÉAL,JONQUIÈRE,2025-08-11,41,Chambord,CHBD,2025-08-12T07:52:45Z,2025-08-12T07:43:00Z,3h54,med,9.0
605,True,False,MONTRÉAL,JONQUIÈRE,2025-08-11,42,Hébertville,HEBV,2025-08-12T08:27:45Z,2025-08-12T08:18:00Z,4h29,med,9.0
605,True,False,MONTRÉAL,JONQUIÈRE,2025-08-11,43,Jonquière,JONQ,2025-08-12T09:22:45Z,2025-08-12T09:13:00Z,5h24,med,9.0
607,True,False,MONTRÉAL,SENNETERRE,2025-08-11,0,Montréal,MTRL,2025-08-11T22:15:00Z,2025-08-11T22:15:00Z,ARR,goo,0.0
607,True,False,MONTRÉAL,SENNETERRE,2025-08-11,1,Sauvé,SAUV,2025-08-11T23:04:50Z,2025-08-11T22:54:00Z,ARR,med,10.0
607,True,False,MONTRÉAL,SENNETERRE,2025-08-11,2,Anjou,ANJO,2025-08-11T23:14:35Z,2025-08-11T23:09:00Z,ARR,med,5.0
607,True,False,MONTRÉAL,SENNETERRE,2025-08-11,3,Joliette,JOLI,2025-08-12T00:09:30Z,2025-08-11T23:50:00Z,ARR,bad,19.0
607,True,False,MONTRÉAL,SENNETERRE,2025-08-11,4,St-Justin,SJUS,2025-08-12T00:48:53Z,2025-08-12T00:22:00Z,ARR,bad,26.0
607,True,False,MONTRÉAL,SENNETERRE,2025-08-11,5,St-Paulin,SPAU,2025-08-12T00:56:53Z,2025-08-12T00:35:00Z,ARR,bad,21.0
607,True,False,MONTRÉAL,SENNETERRE,2025-08-11,6,Charette,CHRT,2025-08-12T01:11:43Z,2025-08-12T00:43:00Z,ARR,bad,28.0
607,True,False,MONTRÉAL,SENNETERRE,2025-08-11,7,Shawinigan,SHWN,2025-08-12T01:31:36Z,2025-08-12T01:03:00Z,ARR,bad,28.0
607,True,False,MONTRÉAL,SENNETERRE,2025-08-11,8,Grand-Mère,GMRE,2025-08-12T01:42:10Z,2025-08-12T01:15:00Z,ARR,bad,27.0
607,True,False,MONTRÉAL,SENNETERRE,2025-08-11,9,Garneau,GARN,2025-08-12T01:52:40Z,2025-08-12T01:26:00Z,ARR,bad,26.0
607,True,False,MONTRÉAL,SENNETERRE,2025-08-11,10,Saint-Tite,STIT,2025-08-12T02:08:14Z,2025-08-12T01:41:00Z,ARR,bad,27.0
607,True,False,MONTRÉAL,SENNETERRE,2025-08-11,11,Hervey,HERV,2025-08-12T02:27:13Z,2025-08-12T02:20:00Z,ARR,med,7.0
607,True,False,MONTRÉAL,SENNETERRE,2025-08-11,12,La Tuque,LTUQ,2025-08-12T03:50:38Z,2025-08-12T03:56:00Z,ARR,goo,-5.0
607,True,False,MONTRÉAL,SENNETERRE,2025-08-11,13,Fitzpatrick,FITZ,2025-08-12T04:07:52Z,2025-08-12T04:13:00Z,9 mins,goo,-5.0
607,True,False,MONTRÉAL,SENNETERRE,2025-08-11,14,Cressman,CRSM,2025-08-12T04:34:00Z,2025-08-12T04:34:00Z,35 mins,goo,0.0
607,True,False,MONTRÉAL,SENNETERRE,2025-08-11,15,Club Vermillion,VMLC,2025-08-12T04:42:00Z,2025-08-12T04:42:00Z,43 mins,goo,0.0
607,True,False,MONTRÉAL,SENNETERRE,2025-08-11,16,Rapide-Blanc,RAPB,2025-08-12T04:45:00Z,2025-08-12T04:45:00Z,46 mins,goo,0.0
607,True,False,MONTRÉAL,SENNETERRE,2025-08-11,17,Lac-Darey,LDAR,2025-08-12T05:05:00Z,2025-08-12T05:05:00Z,1h06,goo,0.0
607,True,False,MONTRÉAL,SENNETERRE,2025-08-11,18,Duplessis,DUPL,2025-08-12T05:18:00Z,2025-08-12T05:18:00Z,1h19,goo,0.0
607,True,False,MONTRÉAL,SENNETERRE,2025-08-11,19,Mctavish,MCTC,2025-08-12T05:31:00Z,2025-08-12T05:31:00Z,1h32,goo,0.0
607,True,False,MONTRÉAL,SENNETERRE,2025-08-11,20,Windigo,WNDG,2025-08-12T05:33:00Z,2025-08-12T05:33:00Z,1h34,goo,0.0
607,True,False,MONTRÉAL,SENNETERRE,2025-08-11,21,Ferguson,FERG,2025-08-12T05:41:00Z,2025-08-12T05:41:00Z,1h42,goo,0.0
607,True,False,MONTRÉAL,SENNETERRE,2025-08-11,22,Club Wigwam,WGWC,2025-08-12T05:47:00Z,2025-08-12T05:47:00Z,1h48,goo,0.0
607,True,False,MONTRÉAL,SENNETERRE,2025-08-11,23,Vandry,VDRY,2025-08-12T05:54:00Z,2025-08-12T05:54:00Z,1h55,goo,0.0
607,True,False,MONTRÉAL,SENNETERRE,2025-08-11,24,Dessane,DESS,2025-08-12T06:00:00Z,2025-08-12T06:00:00Z,2h01,goo,0.0
607,True,False,MONTRÉAL,SENNETERRE,2025-08-11,25,Saint-Maurice Rivière-Boom,SMRB,2025-08-12T06:09:00Z,2025-08-12T06:09:00Z,2h10,goo,0.0
607,True,False,MONTRÉAL,SENNETERRE,2025-08-11,26,Weymont,WYMT,2025-08-12T06:11:00Z,2025-08-12T06:11:00Z,2h12,goo,0.0
607,True,False,MONTRÉAL,SENNETERRE,2025-08-11,27,Sanmaur,SANM,2025-08-12T06:14:00Z,2025-08-12T06:14:00Z,2h15,goo,0.0
607,True,False,MONTRÉAL,SENNETERRE,2025-08-11,28,Cann,CANN,2025-08-12T06:21:00Z,2025-08-12T06:21:00Z,2h22,goo,0.0
607,True,False,MONTRÉAL,SENNETERRE,2025-08-11,29,Club Belanger,BLGC,2025-08-12T06:27:00Z,2025-08-12T06:27:00Z,2h28,goo,0.0
607,True,False,MONTRÉAL,SENNETERRE,2025-08-11,30,Hibbard,HIBB,2025-08-12T06:38:00Z,2025-08-12T06:38:00Z,2h39,goo,0.0
607,True,False,MONTRÉAL,SENNETERRE,2025-08-11,31,Casey,CASY,2025-08-12T06:51:00Z,2025-08-12T06:51:00Z,2h52,goo,0.0
607,True,False,MONTRÉAL,SENNETERRE,2025-08-11,32,Mccarthy,MCCA,2025-08-12T07:05:00Z,2025-08-12T07:05:00Z,3h06,goo,0.0
607,True,False,MONTRÉAL,SENNETERRE,2025-08-11,33,Club Sisco,SSCC,2025-08-12T07:08:00Z,2025-08-12T07:08:00Z,3h09,goo,0.0
607,True,False,MONTRÉAL,SENNETERRE,2025-08-11,34,Manjobagues,MJBG,2025-08-12T07:16:00Z,2025-08-12T07:16:00Z,3h17,goo,0.0
607,True,False,MONTRÉAL,SENNETERRE,2025-08-11,35,Parent,PARE,2025-08-12T07:31:00Z,2025-08-12T07:31:00Z,3h32,goo,0.0
607,True,False,MONTRÉAL,SENNETERRE,2025-08-11,36,Timbrell,TIMB,2025-08-12T07:55:00Z,2025-08-12T07:55:00Z,3h56,goo,0.0
607,True,False,MONTRÉAL,SENNETERRE,2025-08-11,37,Club Rita Inc.,RTAC,2025-08-12T08:05:00Z,2025-08-12T08:05:00Z,4h06,goo,0.0
607,True,False,MONTRÉAL,SENNETERRE,2025-08-11,38,Strachan,STRN,2025-08-12T08:09:00Z,2025-08-12T08:09:00Z,4h10,goo,0.0
607,True,False,MONTRÉAL,SENNETERRE,2025-08-11,39,Club Maniwawa,MWWC,2025-08-12T08:16:00Z,2025-08-12T08:16:00Z,4h17,goo,0.0
607,True,False,MONTRÉAL,SENNETERRE,2025-08-11,40,Greening,GRNG,2025-08-12T08:27:00Z,2025-08-12T08:27:00Z,4h28,goo,0.0
607,True,False,MONTRÉAL,SENNETERRE,2025-08-11,41,Oskelaneo Lodge,OSKL,2025-08-12T08:35:00Z,2025-08-12T08:35:00Z,4h36,goo,0.0
607,True,False,MONTRÉAL,SENNETERRE,2025-08-11,42,Rivière Oskélanéo,OSKR,2025-08-12T08:46:00Z,2025-08-12T08:46:00Z,4h47,goo,0.0
607,True,False,MONTRÉAL,SENNETERRE,2025-08-11,43,Clova,CLOV,2025-08-12T08:56:00Z,2025-08-12T08:56:00Z,4h57,goo,0.0
607,True,False,MONTRÉAL,SENNETERRE,2025-08-11,44,Coquar,COQU,2025-08-12T09:08:00Z,2025-08-12T09:08:00Z,5h09,goo,0.0
607,True,False,MONTRÉAL,SENNETERRE,2025-08-11,45,Monet,MNET,2025-08-12T09:19:00Z,2025-08-12T09:19:00Z,5h20,goo,0.0
607,True,False,MONTRÉAL,SENNETERRE,2025-08-11,46,Consolidated Bathurst,CBAT,2025-08-12T09:27:00Z,2025-08-12T09:27:00Z,5h28,goo,0.0
607,True,False,MONTRÉAL,SENNETERRE,2025-08-11,47,Club Kapitachuan,KPTC,2025-08-12T09:31:00Z,2025-08-12T09:31:00Z,5h32,goo,0.0
607,True,False,MONTRÉAL,SENNETERRE,2025-08-11,48,Bourmont,BRMT,2025-08-12T09:33:00Z,2025-08-12T09:33:00Z,5h34,goo,0.0
607,True,False,MONTRÉAL,SENNETERRE,2025-08-11,49,Club Beaudin Inc.,BDNC,2025-08-12T09:38:00Z,2025-08-12T09:38:00Z,5h39,goo,0.0
607,True,False,MONTRÉAL,SENNETERRE,2025-08-11,50,Langlade,LNGL,2025-08-12T09:45:00Z,2025-08-12T09:45:00Z,5h46,goo,0.0
607,True,False,MONTRÉAL,SENNETERRE,2025-08-11,51,Da-Rou-Lac Lodge,DRLL,2025-08-12T09:46:01Z,2025-08-12T09:46:01Z,5h47,goo,0.0
607,True,False,MONTRÉAL,SENNETERRE,2025-08-11,52,Gagnon,GAGN,2025-08-12T09:55:00Z,2025-08-12T09:55:00Z,5h56,goo,0.0
607,True,False,MONTRÉAL,SENNETERRE,2025-08-11,53,Dix,DIXX,2025-08-12T09:58:00Z,2025-08-12T09:58:00Z,5h59,goo,0.0
607,True,False,MONTRÉAL,SENNETERRE,2025-08-11,54,Bolger,BGQU,2025-08-12T10:09:00Z,2025-08-12T10:09:00Z,6h10,goo,0.0
607,True,False,MONTRÉAL,SENNETERRE,2025-08-11,55,Forsythe,FORS,2025-08-12T10:17:00Z,2025-08-12T10:17:00Z,6h18,goo,0.0
607,True,False,MONTRÉAL,SENNETERRE,2025-08-11,56,Press,PRSS,2025-08-12T10:36:00Z,2025-08-12T10:36:00Z,6h37,goo,0.0
607,True,False,MONTRÉAL,SENNETERRE,2025-08-11,57,Signai,SIGN,2025-08-12T10:44:00Z,2025-08-12T10:44:00Z,6h45,goo,0.0
607,True,False,MONTRÉAL,SENNETERRE,2025-08-11,58,Mégiscane,MEGI,2025-08-12T11:00:00Z,2025-08-12T11:00:00Z,7h01,goo,0.0
607,True,False,MONTRÉAL,SENNETERRE,2025-08-11,59,Senneterre,SENN,2025-08-12T11:47:00Z,2025-08-12T11:47:00Z,7h48,goo,0.0
59,True,False,OTTAWA,TORONTO,2025-08-11,0,Ottawa,OTTW,2025-08-11T22:03:00Z,2025-08-11T22:03:00Z,ARR,goo,0.0
59,True,False,OTTAWA,TORONTO,2025-08-11,1,Fallowfield,FALL,2025-08-11T22:19:15Z,2025-08-11T22:20:00Z,ARR,goo,0.0
59,True,False,OTTAWA,TORONTO,2025-08-11,2,Smiths Falls,SMTF,2025-08-11T22:55:46Z,2025-08-11T22:51:00Z,ARR,goo,4.0
59,True,False,OTTAWA,TORONTO,2025-08-11,3,Brockville,BRKV,2025-08-11T23:49:52Z,2025-08-11T23:25:00Z,ARR,bad,24.0
59,True,False,OTTAWA,TORONTO,2025-08-11,4,Kingston,KGON,2025-08-12T00:51:14Z,2025-08-12T00:10:00Z,ARR,bad,41.0
59,True,False,OTTAWA,TORONTO,2025-08-11,5,Belleville,BLVL,2025-08-12T01:43:35Z,2025-08-12T00:51:00Z,ARR,bad,52.0
59,True,False,OTTAWA,TORONTO,2025-08-11,6,Trenton Jct.,TRNJ,2025-08-12T01:58:07Z,2025-08-12T01:05:00Z,ARR,bad,53.0
59,True,False,OTTAWA,TORONTO,2025-08-11,7,Cobourg,CBRG,2025-08-12T02:31:08Z,2025-08-12T01:31:00Z,ARR,bad,60.0
59,True,False,OTTAWA,TORONTO,2025-08-11,8,Oshawa,OSHA,2025-08-12T03:13:55Z,2025-08-12T02:05:00Z,ARR,bad,68.0
59,True,False,OTTAWA,TORONTO,2025-08-11,9,Guildwood,GUIL,2025-08-12T03:40:49Z,2025-08-12T02:28:00Z,ARR,bad,72.0
59,True,False,OTTAWA,TORONTO,2025-08-11,10,Toronto,TRTO,2025-08-12T04:00:46Z,2025-08-12T02:48:00Z,2 mins,bad,72.0
78,True,True,WINDSOR,TORONTO,2025-08-11,0,Windsor,WDON,2025-08-11T21:54:53Z,2025-08-11T21:40:00Z,ARR,med,14.0
78,True,True,WINDSOR,TORONTO,2025-08-11,1,Chatham,CHAT,2025-08-11T22:37:13Z,2025-08-11T22:24:00Z,ARR,med,13.0
78,True,True,WINDSOR,TORONTO,2025-08-11,2,Glencoe,GLNC,2025-08-11T23:20:50Z,2025-08-11T22:59:00Z,ARR,bad,21.0
78,True,True,WINDSOR,TORONTO,2025-08-11,3,London,LNDN,2025-08-11T23:54:49Z,2025-08-11T23:32:00Z,ARR,bad,22.0
78,True,True,WINDSOR,TORONTO,2025-08-11,4,Ingersoll,INGR,2025-08-12T00:21:54Z,2025-08-11T23:57:00Z,ARR,bad,24.0
78,True,True,WINDSOR,TORONTO,2025-08-11,5,Woodstock,WDST,2025-08-12T00:32:14Z,2025-08-12T00:08:00Z,ARR,bad,24.0
78,True,True,WINDSOR,TORONTO,2025-08-11,6,Brantford,BRTF,2025-08-12T01:14:09Z,2025-08-12T00:39:00Z,ARR,bad,35.0
78,True,True,WINDSOR,TORONTO,2025-08-11,7,Aldershot,ALDR,2025-08-12T01:44:43Z,2025-08-12T01:09:00Z,ARR,bad,35.0
78,True,True,WINDSOR,TORONTO,2025-08-11,8,Oakville,OAKV,2025-08-12T02:17:31Z,2025-08-12T01:24:00Z,ARR,bad,53.0
78,True,True,WINDSOR,TORONTO,2025-08-11,9,Toronto,TRTO,2025-08-12T02:48:17Z,2025-08-12T01:50:00Z,ARR,bad,58.0
38,True,True,OTTAWA,MONTRÉAL,2025-08-11,0,Ottawa,OTTW,2025-08-11T21:55:00Z,2025-08-11T21:55:00Z,ARR,goo,0.0
38,True,True,OTTAWA,MONTRÉAL,2025-08-11,1,Casselman,CSLM,2025-08-11T22:20:33Z,2025-08-11T22:26:00Z,ARR,goo,-5.0
38,True,True,OTTAWA,MONTRÉAL,2025-08-11,2,Alexandria,ALEX,2025-08-11T22:47:24Z,2025-08-11T22:49:00Z,ARR,goo,-1.0
38,True,True,OTTAWA,MONTRÉAL,2025-08-11,3,Dorval,DORV,2025-08-11T23:50:28Z,2025-08-11T23:33:00Z,ARR,bad,17.0
38,True,True,OTTAWA,MONTRÉAL,2025-08-11,4,Montréal,MTRL,2025-08-12T00:18:58Z,2025-08-11T23:57:00Z,ARR,bad,21.0
669,True,False,MONTRÉAL,TORONTO,2025-08-11,0,Montréal,MTRL,2025-08-11T22:09:00Z,2025-08-11T22:09:00Z,ARR,goo,0.0
669,True,False,MONTRÉAL,TORONTO,2025-08-11,1,Dorval,DORV,2025-08-11T22:39:59Z,2025-08-11T22:34:00Z,ARR,med,5.0
669,True,False,MONTRÉAL,TORONTO,2025-08-11,2,Cornwall,CWLL,2025-08-11T23:49:38Z,2025-08-11T23:26:00Z,ARR,bad,23.0
669,True,False,MONTRÉAL,TORONTO,2025-08-11,3,Kingston,KGON,2025-08-12T01:30:14Z,2025-08-12T00:52:00Z,ARR,bad,38.0
669,True,False,MONTRÉAL,TORONTO,2025-08-11,4,Oshawa,OSHA,2025-08-12T03:35:04Z,2025-08-12T02:35:00Z,ARR,bad,60.0
669,True,False,MONTRÉAL,TORONTO,2025-08-11,5,Toronto,TRTO,2025-08-12T04:19:45Z,2025-08-12T03:18:00Z,21 mins,bad,61.0
48,True,False,TORONTO,OTTAWA,2025-08-11,0,Toronto,TRTO,2025-08-11T22:44:36Z,2025-08-11T22:38:00Z,ARR,med,6.0
48,True,False,TORONTO,OTTAWA,2025-08-11,1,Oshawa,OSHA,2025-08-11T23:17:32Z,2025-08-11T23:08:00Z,ARR,med,9.0
48,True,False,TORONTO,OTTAWA,2025-08-11,2,Port Hope,PHOP,2025-08-11T23:53:56Z,2025-08-11T23:36:00Z,ARR,bad,17.0
48,True,False,TORONTO,OTTAWA,2025-08-11,3,Cobourg,CBRG,2025-08-12T00:03:40Z,2025-08-11T23:45:00Z,ARR,bad,18.0
48,True,False,TORONTO,OTTAWA,2025-08-11,4,Trenton Jct.,TRNJ,2025-08-12T00:35:38Z,2025-08-12T00:12:01Z,ARR,bad,23.0
48,True,False,TORONTO,OTTAWA,2025-08-11,5,Belleville,BLVL,2025-08-12T00:49:47Z,2025-08-12T00:25:00Z,ARR,bad,24.0
48,True,False,TORONTO,OTTAWA,2025-08-11,6,Napanee,NAPN,2025-08-12T01:24:51Z,2025-08-12T00:46:00Z,ARR,bad,38.0
48,True,False,TORONTO,OTTAWA,2025-08-11,7,Kingston,KGON,2025-08-12T01:48:49Z,2025-08-12T01:06:00Z,ARR,bad,42.0
48,True,False,TORONTO,OTTAWA,2025-08-11,8,Gananoque,GANA,2025-08-12T02:14:49Z,2025-08-12T01:28:00Z,ARR,bad,46.0
48,True,False,TORONTO,OTTAWA,2025-08-11,9,Brockville,BRKV,2025-08-12T02:45:42Z,2025-08-12T01:53:00Z,ARR,bad,52.0
48,True,False,TORONTO,OTTAWA,2025-08-11,10,Smiths Falls,SMTF,2025-08-12T03:19:42Z,2025-08-12T02:24:00Z,ARR,bad,55.0
48,True,False,TORONTO,OTTAWA,2025-08-11,11,Fallowfield,FALL,2025-08-12T03:44:48Z,2025-08-12T02:51:00Z,ARR,bad,53.0
48,True,False,TORONTO,OTTAWA,2025-08-11,12,Ottawa,OTTW,2025-08-12T04:06:50Z,2025-08-12T03:11:00Z,8 mins,bad,55.0
79,True,False,TORONTO,WINDSOR,2025-08-11,0,Toronto,TRTO,2025-08-12T02:02:00Z,2025-08-11T23:45:00Z,ARR,bad,137.0
79,True,False,TORONTO,WINDSOR,2025-08-11,1,Oakville,OAKV,2025-08-12T02:38:28Z,2025-08-12T00:07:00Z,ARR,bad,151.0
79,True,False,TORONTO,WINDSOR,2025-08-11,2,Aldershot,ALDR,2025-08-12T03:03:33Z,2025-08-12T00:22:00Z,ARR,bad,161.0
79,True,False,TORONTO,WINDSOR,2025-08-11,3,Brantford,BRTF,2025-08-12T03:37:01Z,2025-08-12T00:50:00Z,ARR,bad,167.0
79,True,False,TORONTO,WINDSOR,2025-08-11,4,Woodstock,WDST,2025-08-12T04:06:14Z,2025-08-12T01:17:00Z,8 mins,bad,169.0
79,True,False,TORONTO,WINDSOR,2025-08-11,5,Ingersoll,INGR,2025-08-12T04:19:14Z,2025-08-12T01:30:00Z,21 mins,bad,169.0
79,True,False,TORONTO,WINDSOR,2025-08-11,6,London,LNDN,2025-08-12T04:41:14Z,2025-08-12T01:52:00Z,43 mins,bad,169.0
79,True,False,TORONTO,WINDSOR,2025-08-11,7,Glencoe,GLNC,2025-08-12T05:14:14Z,2025-08-12T02:25:00Z,1h16,bad,169.0
79,True,False,TORONTO,WINDSOR,2025-08-11,8,Chatham,CHAT,2025-08-12T05:46:14Z,2025-08-12T02:57:00Z,1h48,bad,169.0
79,True,False,TORONTO,WINDSOR,2025-08-11,9,Windsor,WDON,2025-08-12T06:33:14Z,2025-08-12T03:44:00Z,2h35,bad,169.0
